16,797,747,-50,14,
84,64,319,255,323,
104,68,207,139,253,
101,114,301,187,320,
32,133,655,522,643,
32,121,539,418,537,
20,119,458,339,458,
113,119,143,24,108,
117,84,172,88,187,
105,99,142,43,149,
99,106,113,7,104,
107,97,188,91,219,
32,128,283,155,254,
98,99,248,149,279,
114,130,335,205,267,
105,62,246,184,289,
119,105,367,262,365,
8,103,122,19,113,
8,94,657,563,657,
111,94,210,116,231,
119,115,149,34,122,
110,88,209,121,228,
32,107,331,224,334,
102,110,636,526,632,
111,106,431,325,476,
120,151,169,18,139,
188,121,224,103,234,
32,131,223,92,165,
106,73,265,192,251,
117,59,219,160,279,
109,119,212,93,183,
112,90,125,35,112,
115,77,238,161,249,
32,88,233,145,260,
111,115,312,197,296,
118,99,246,147,281,
101,134,111,-23,31,
114,54,68,14,106,
32,92,469,377,499,
116,122,295,173,255,
104,82,304,222,308,
101,86,120,34,142,
32,108,230,122,243,
108,121,100,-21,52,
97,73,427,354,510,
122,156,137,-19,88,
121,107,269,162,263,
32,101,198,97,222,
100,125,387,262,378,
111,116,328,212,327,
103,115,690,575,674,
190,99,-1701184382227,-1701184382326,-1701184382326,

16,452,362,-90,-17,
84,73,286,213,333,
104,120,230,110,165,
101,55,361,306,456,
32,150,297,147,230,
113,83,198,115,222,
117,107,301,194,317,
105,123,624,501,636,
99,135,210,75,178,
107,103,307,204,322,
32,118,354,236,342,
98,106,245,139,257,
114,118,294,176,284,
111,108,178,70,218,
119,148,127,-21,107,
110,128,237,109,223,
32,114,395,281,410,
102,129,167,38,166,
111,128,301,173,334,
120,161,308,147,267,
188,120,201,81,182,
32,101,439,338,469,
106,131,346,215,346,
109,131,294,163,251,
112,88,422,334,414,
8,80,160,80,159,
8,79,898,819,924,
117,105,474,369,527,
109,158,235,77,174,
112,97,110,13,145,
115,132,166,34,146,
32,112,451,339,445,
111,106,202,96,221,
118,125,266,141,314,
101,173,103,-70,47,
114,117,161,44,124,
32,80,321,241,360,
116,119,186,67,171,
104,104,124,20,114,
101,94,166,72,187,
32,115,304,189,299,
108,110,143,33,116,
97,83,258,175,315,
122,140,197,57,159,
121,102,282,180,290,
32,110,207,97,249,
100,152,247,95,246,
111,151,396,245,355,
103,110,367,257,375,
190,118,-1701184411216,-1701184411334,-1701184411334,

16,858,746,-112,-6,
84,106,327,221,340,
104,119,402,283,406,
32,123,419,296,390,
8,94,140,46,176,
101,130,136,6,124,
32,118,467,349,455,
113,106,319,213,318,
117,105,252,147,255,
105,108,315,207,361,
99,154,191,37,122,
107,85,265,180,273,
32,93,250,157,280,
98,123,272,149,274,
114,125,315,190,316,
111,126,166,40,180,
119,140,147,7,124,
110,117,224,107,210,
32,103,174,71,218,
102,147,223,76,180,
111,104,254,150,276,
120,126,278,152,264,
188,112,179,67,190,
32,123,274,151,260,
106,109,248,139,237,
117,98,240,142,277,
109,135,234,99,183,
112,84,77,-7,94,
115,101,171,70,183,
32,113,267,154,274,
111,120,328,208,351,
118,143,322,179,308,
101,129,68,-61,65,
114,126,147,21,125,
32,104,395,291,401,
116,110,187,77,176,
104,99,419,320,438,
101,118,287,169,285,
32,116,285,169,226,
108,57,41,-16,97,
97,113,348,235,370,
122,135,172,37,166,
117,129,333,204,319,
32,115,334,219,286,
8,67,143,76,143,
8,67,257,190,325,
121,135,333,198,296,
32,98,1213,1115,1247,
100,132,255,123,248,
111,125,490,365,477,
103,112,409,297,415,
190,118,-1701184426705,-1701184426823,-1701184426823,

16,261,178,-83,-18,
84,65,165,100,204,
104,104,153,49,164,
101,115,164,49,202,
32,153,1756,1603,1705,
113,102,353,251,356,
117,105,148,43,141,
105,98,211,113,254,
99,141,108,-33,60,
107,93,144,51,204,
32,153,340,187,286,
98,99,230,131,269,
114,138,294,156,278,
111,122,183,61,206,
119,145,172,27,121,
110,94,154,60,196,
32,136,374,238,373,
102,135,141,6,140,
111,134,283,149,282,
120,133,206,73,193,
188,120,167,47,170,
32,123,288,165,248,
104,83,2,-81,2,
106,83,437,354,430,
8,76,157,81,128,
8,47,267,220,321,
106,101,657,556,658,
117,102,364,262,378,
109,116,239,123,244,
112,121,125,4,135,
115,131,109,-22,91,
32,113,415,302,415,
112,113,167,54,167,
118,113,429,316,383,
8,67,148,81,147,
8,66,673,607,715,
111,108,338,230,345,
118,115,235,120,241,
101,121,53,-68,55,
114,123,117,-6,110,
32,116,893,777,863,
116,86,144,58,145,
103,87,583,496,607,
8,111,263,152,250,
106,98,201,103,262,
101,159,328,169,220,
8,51,131,80,163,
8,83,570,487,578,
104,91,103,12,109,
101,97,121,24,138,
32,114,418,304,413,
108,109,121,12,95,
97,83,255,172,301,
122,129,127,-2,90,
121,92,176,84,187,
32,103,213,110,233,
100,123,133,10,115,
111,105,164,59,177,
103,118,265,147,230,
190,83,-1701184446670,-1701184446753,-1701184446753,

16,369,302,-67,-13,
84,54,150,96,184,
104,88,110,22,102,
101,80,100,20,139,
32,119,202,83,210,
113,127,163,36,140,
117,104,29,-75,-19,
121,56,438,382,446,
8,64,674,610,687,
105,77,134,57,172,
99,115,69,-46,32,
107,78,165,87,175,
32,88,209,121,192,
98,71,174,103,193,
114,90,114,24,109,
111,85,135,50,188,
119,138,160,22,130,
110,108,245,137,251,
32,114,209,95,195,
102,100,138,38,133,
111,95,218,123,226,
120,103,139,36,152,
188,116,151,35,133,
32,98,111,13,89,
106,76,192,116,172,
117,56,160,104,212,
109,108,168,60,153,
112,93,96,3,72,
115,69,111,42,138,
32,96,250,154,261,
111,107,169,62,155,
118,93,191,98,239,
101,141,90,-51,64,
114,115,123,8,85,
32,77,242,165,224,
116,59,150,91,178,
104,87,109,22,82,
101,60,71,11,124,
32,113,194,81,222,
108,141,209,68,169,
97,101,243,142,270,
122,128,127,-1,75,
121,76,142,66,169,
32,103,184,81,177,
100,96,94,-2,98,
111,100,152,52,154,
103,102,250,148,251,
188,103,646,543,616,
8,73,216,143,239,
188,96,-1701184456425,-1701184456521,-1701184456521,

16,245,214,-31,82,
84,113,312,199,295,
104,96,157,61,168,
101,107,199,92,192,
32,100,272,172,272,
113,100,176,76,175,
117,99,222,123,233,
105,110,230,120,231,
99,111,162,51,145,
107,94,206,112,223,
32,111,264,153,251,
98,98,207,109,243,
114,134,276,142,217,
111,75,287,212,303,
119,91,111,20,145,
110,125,220,95,212,
32,117,195,78,236,
102,158,350,192,279,
111,87,167,80,184,
120,104,180,76,184,
188,108,212,104,211,
32,107,309,202,343,
106,141,322,181,266,
105,85,200,115,236,
109,121,434,313,392,
8,79,151,72,155,
8,83,1180,1097,1208,
117,111,429,318,446,
109,128,261,133,240,
112,107,120,13,135,
115,122,185,63,148,
32,85,399,314,411,
111,97,145,48,181,
118,133,410,277,425,
101,148,79,-69,56,
114,125,139,14,112,
32,98,378,280,380,
116,100,111,11,125,
104,114,206,92,206,
101,114,264,150,261,
32,111,502,391,532,
108,141,251,110,189,
97,79,318,239,368,
122,129,164,35,148,
121,113,245,132,248,
32,116,326,210,328,
100,118,165,47,182,
111,135,414,279,378,
103,99,455,356,467,
190,111,-1701184470597,-1701184470708,-1701184470708,

16,381,308,-73,-7,
84,66,156,90,181,
104,91,106,15,104,
101,89,92,3,125,
32,122,183,61,164,
113,103,187,84,144,
117,60,181,121,200,
105,79,390,311,414,
99,103,133,30,151,
107,121,235,114,230,
32,116,258,142,249,
98,107,223,116,251,
114,135,247,112,226,
111,114,182,68,177,
119,109,116,7,122,
110,115,190,75,195,
32,120,345,225,334,
102,109,130,21,163,
111,142,213,71,190,
120,119,178,59,191,
109,132,199,67,188,
32,121,407,286,403,
8,117,159,42,105,
8,63,330,267,386,
188,119,355,236,291,
106,55,546,491,599,
8,108,134,26,130,
32,104,107,3,138,
106,135,258,123,193,
117,70,203,133,256,
109,123,195,72,171,
112,99,104,5,68,
115,63,129,66,165,
32,99,273,174,285,
112,111,242,131,258,
118,127,333,206,286,
8,80,152,72,135,
8,63,686,623,757,
111,134,489,355,490,
99,135,388,253,348,
101,95,268,173,253,
8,80,157,77,153,
8,76,371,295,418,
118,123,258,135,289,
101,154,101,-53,72,
114,125,208,83,240,
32,157,525,368,486,
114,118,499,381,484,
8,103,247,144,252,
116,108,113,5,110,
104,105,184,79,210,
101,131,203,72,162,
32,90,451,361,482,
108,121,120,-1,101,
97,102,222,120,244,
122,124,115,-9,106,
121,115,184,69,178,
32,109,255,146,255,
100,109,151,42,94,
111,52,362,310,411,
103,101,850,749,892,
190,143,-1701184486889,-1701184487032,-1701184487032,

16,442,366,-76,-19,
84,57,188,131,239,
104,108,132,24,108,
101,84,86,2,116,
32,114,258,144,250,
113,106,124,18,143,
117,125,254,129,239,
105,110,208,98,213,
99,115,95,-20,94,
107,114,232,118,221,
32,103,227,124,220,
98,96,261,165,297,
114,132,231,99,201,
111,102,184,82,197,
119,115,105,-10,100,
110,110,244,134,232,
32,98,213,115,242,
102,127,176,49,103,
112,54,1,-53,15,
111,68,460,392,448,
8,56,142,86,150,
8,64,416,352,436,
111,84,284,200,325,
120,125,698,573,651,
188,78,306,228,347,
32,119,840,721,819,
106,98,333,235,324,
117,89,237,148,305,
109,157,287,130,249,
112,119,158,39,127,
115,88,145,57,172,
32,115,274,159,305,
111,146,218,72,184,
118,112,259,147,266,
101,119,78,-41,88,
114,129,152,23,85,
32,62,258,196,280,
116,84,218,134,255,
104,121,175,54,135,
101,81,147,66,165,
32,99,220,121,241,
108,120,125,5,108,
97,103,223,120,271,
122,151,115,-36,65,
121,101,203,102,207,
32,105,192,87,196,
100,109,113,4,138,
111,134,247,113,204,
103,91,298,207,343,
188,136,-1701184498991,-1701184499127,-1701184499127,

16,502,397,-105,-27,
84,78,220,142,246,
104,104,212,108,201,
101,93,136,43,184,
32,141,583,442,546,
113,104,161,57,155,
117,98,176,78,176,
105,98,141,43,192,
99,149,124,-25,76,
107,101,170,69,185,
32,116,240,124,201,
98,77,240,163,290,
114,127,213,86,209,
111,123,197,74,152,
119,78,160,82,205,
110,123,272,149,234,
32,85,291,206,329,
102,123,237,114,178,
112,64,556,492,573,
8,81,325,244,330,
111,86,294,208,318,
120,110,848,738,889,
188,151,406,255,394,
32,139,416,277,438,
106,161,325,164,259,
117,95,229,134,260,
109,126,200,74,166,
112,92,82,-10,77,
115,87,110,23,160,
32,137,231,94,210,
112,116,519,403,493,
8,90,339,249,371,
111,122,380,258,373,
118,115,317,202,355,
101,153,88,-65,63,
114,128,113,-15,74,
32,89,400,311,428,
114,117,374,257,362,
8,105,157,52,159,
116,107,430,323,408,
104,85,189,104,211,
101,107,131,24,131,
32,107,220,113,248,
108,135,560,425,531,
97,106,267,161,325,
122,164,124,-40,73,
121,113,207,94,197,
32,103,209,106,223,
100,117,112,-5,122,
111,127,342,215,336,
103,121,290,169,292,
190,123,-1701184513809,-1701184513932,-1701184513932,

16,462,380,-82,-18,
84,64,212,148,249,
104,101,106,5,140,
101,135,153,18,152,
32,134,165,31,134,
113,103,178,75,146,
121,71,452,381,462,
8,81,552,471,558,
117,87,201,114,209,
105,95,205,110,213,
99,103,104,1,80,
107,79,190,111,240,
32,129,281,152,269,
98,117,364,247,342,
114,95,237,142,241,
111,99,318,219,312,
119,93,120,27,142,
110,115,427,312,467,
32,155,665,510,616,
102,106,137,31,127,
111,96,188,92,199,
120,107,230,123,235,
188,112,217,105,207,
32,102,154,52,139,
106,87,167,80,147,
117,67,202,135,248,
109,113,179,66,175,
112,109,100,-9,70,
115,79,240,161,269,
32,108,307,199,305,
111,106,191,85,200,
118,115,267,152,274,
101,122,64,-58,56,
114,114,142,28,126,
32,98,446,348,454,
116,106,137,31,153,
104,122,339,217,318,
101,101,158,57,167,
32,110,241,131,242,
108,111,145,34,125,
97,91,219,128,237,
122,109,104,-5,100,
121,105,197,92,203,
32,111,350,239,273,
102,34,308,274,409,
111,135,481,346,417,
8,71,149,78,144,
8,66,89,23,168,
102,145,149,4,109,
111,105,474,369,425,
187,56,165,109,192,
8,83,163,80,135,
8,55,412,357,447,
8,90,179,89,163,
100,74,124,50,180,
111,130,373,243,398,
103,155,311,156,279,
190,123,-1701184528217,-1701184528340,-1701184528340,

16,285,236,-49,4,
84,53,160,107,188,
104,81,100,19,127,
101,108,82,-26,101,
32,127,213,86,189,
113,103,151,48,132,
117,84,362,278,378,
105,100,240,140,273,
99,133,116,-17,94,
107,111,221,110,221,
32,111,230,119,218,
98,99,170,71,203,
114,132,239,107,205,
111,98,303,205,345,
119,140,163,23,128,
110,105,266,161,269,
32,108,300,192,332,
102,140,547,407,541,
112,134,623,489,560,
8,71,306,235,350,
105,115,281,166,315,
120,149,260,111,183,
8,72,147,75,135,
8,60,673,613,674,
111,61,519,458,593,
120,135,542,407,559,
188,152,255,103,200,
32,97,386,289,383,
106,94,202,108,185,
117,77,182,105,239,
109,134,259,125,209,
112,84,108,24,136,
115,112,221,109,232,
32,123,651,528,616,
101,88,555,467,589,
8,122,1143,1021,1137,
111,116,363,247,338,
118,91,330,239,413,
101,174,123,-51,71,
114,122,311,189,320,
32,131,428,297,390,
116,93,381,288,406,
104,118,242,124,213,
101,89,148,59,194,
32,135,405,270,387,
108,117,690,573,676,
97,103,598,495,663,
122,168,282,114,231,
121,117,365,248,371,
32,123,214,91,228,
100,137,245,108,221,
111,113,464,351,475,
103,124,221,97,195,
190,98,-1701184546181,-1701184546279,-1701184546279,

16,227,137,-90,8,
84,98,227,129,241,
104,112,150,38,142,
101,104,126,22,133,
32,111,353,242,376,
113,134,182,48,155,
117,107,629,522,644,
105,122,326,204,316,
99,112,360,248,371,
107,123,339,216,313,
32,97,361,264,381,
98,117,285,168,297,
114,129,210,81,203,
111,122,169,47,162,
119,115,113,-2,123,
110,125,209,84,195,
32,111,193,82,234,
102,152,181,29,159,
111,130,266,136,238,
120,102,192,90,229,
188,139,295,156,253,
32,97,298,201,288,
106,87,2,-85,-14,
104,71,480,409,511,
8,102,313,211,321,
117,110,468,358,423,
109,65,344,279,418,
112,139,216,77,168,
115,91,129,38,189,
32,151,276,125,254,
111,129,267,138,253,
118,115,266,151,300,
101,149,96,-53,31,
114,84,104,20,150,
32,130,476,346,439,
116,93,249,156,270,
104,114,272,158,300,
114,142,197,55,191,
32,136,550,414,471,
187,57,141,84,167,
187,83,131,48,140,
101,92,781,689,751,
8,62,144,82,136,
8,54,134,80,141,
8,61,138,77,147,
8,70,339,269,368,
101,99,256,157,223,
8,66,139,73,122,
8,49,144,95,156,
101,61,401,340,473,
32,133,282,149,282,
108,133,146,13,124,
97,111,266,155,280,
122,125,101,-24,91,
121,115,254,139,253,
32,114,222,108,229,
100,121,118,-3,116,
111,119,466,347,478,
103,131,320,189,256,
191,67,78,11,122,
191,111,447,336,422,
8,86,163,77,136,
8,59,479,420,522,
188,102,-1701184563193,-1701184563295,-1701184563295,

16,247,242,-5,42,
84,47,142,95,178,
104,83,103,20,108,
101,88,98,10,136,
32,126,218,92,193,
113,101,128,27,137,
117,110,230,120,232,
105,112,267,155,283,
99,128,159,31,138,
107,107,231,124,243,
32,119,288,169,283,
98,114,213,99,235,
114,136,227,91,209,
111,118,303,185,295,
119,110,241,131,204,
110,73,192,119,233,
32,114,211,97,232,
102,135,157,22,128,
111,106,205,99,198,
120,99,211,112,231,
188,119,236,117,218,
32,101,275,174,233,
106,59,187,128,211,
117,83,220,137,259,
109,122,199,77,190,
112,113,117,4,95,
115,91,1231,1140,1246,
116,106,537,431,549,
8,118,321,203,334,
32,131,711,580,701,
111,121,261,140,243,
118,103,245,142,286,
101,144,70,-74,43,
114,117,81,-36,85,
32,121,308,187,293,
116,106,135,29,142,
104,113,654,541,643,
101,102,156,54,204,
32,150,299,149,264,
108,115,171,56,133,
97,77,234,157,310,
122,153,135,-18,87,
121,105,296,191,302,
32,111,266,155,254,
100,99,338,239,380,
111,141,276,135,247,
103,112,361,249,295,
190,46,45,-1,27,
188,28,802,774,843,
187,69,515,446,503,
8,57,142,85,132,
8,47,-1701184578194,-1701184578241,-1701184578241,

16,319,290,-29,28,
84,57,162,105,181,
104,76,117,41,115,
101,74,144,70,155,
32,85,290,205,325,
113,120,188,68,178,
117,110,204,94,185,
105,91,269,178,316,
99,138,165,27,129,
107,102,290,188,315,
32,127,299,172,280,
98,108,217,109,225,
114,116,457,341,456,
111,115,213,98,186,
119,88,115,27,139,
110,112,265,153,232,
32,79,143,64,180,
102,116,197,81,158,
111,77,289,212,315,
120,103,229,126,250,
188,124,318,194,308,
32,114,257,143,282,
106,139,1022,883,998,
117,115,1115,1000,1132,
109,132,312,180,326,
112,146,150,4,124,
115,120,118,-2,148,
32,150,624,474,573,
111,99,317,218,367,
32,149,938,789,863,
8,74,224,150,252,
118,102,240,138,303,
101,165,84,-81,36,
114,117,124,7,143,
32,136,969,833,951,
116,118,187,69,173,
104,104,132,28,167,
101,139,173,34,168,
32,134,244,110,253,
108,143,177,34,126,
97,92,232,140,289,
122,149,128,-21,92,
121,113,189,76,205,
32,129,230,101,226,
100,125,121,-4,103,
111,107,254,147,265,
103,118,358,240,342,
190,102,-1701184592945,-1701184593047,-1701184593047,

16,219,122,-97,-15,
84,82,302,220,327,
104,107,133,26,105,
101,79,140,61,133,
32,72,185,113,214,
113,101,199,98,213,
105,115,511,396,491,
8,95,944,849,964,
117,115,1221,1106,1228,
111,122,510,388,506,
8,118,532,414,506,
105,92,196,104,244,
99,140,97,-43,62,
107,105,215,110,223,
32,113,281,168,268,
98,100,204,104,224,
114,120,178,58,161,
111,103,193,90,207,
119,117,94,-23,88,
110,111,207,96,243,
32,147,222,75,182,
102,107,150,43,174,
111,131,257,126,233,
120,107,255,148,232,
188,84,117,33,162,
32,129,721,592,682,
106,90,206,116,253,
109,137,744,607,746,
8,139,677,538,669,
117,131,426,295,414,
109,119,244,125,236,
112,111,200,89,182,
115,93,167,74,183,
32,109,432,323,437,
111,114,225,111,241,
118,130,629,499,549,
32,50,2,-48,119,
101,167,100,-67,72,
114,139,416,277,348,
8,71,150,79,154,
8,75,151,76,143,
8,67,145,78,222,
101,144,59,-85,34,
114,119,131,12,155,
32,143,841,698,814,
116,116,175,59,199,
106,140,505,365,474,
8,109,266,157,272,
104,115,340,225,361,
101,136,350,214,349,
32,135,478,343,457,
108,114,93,-21,92,
97,113,307,194,322,
122,128,107,-21,105,
121,126,197,71,193,
32,122,197,75,214,
100,139,167,28,159,
111,131,226,95,200,
103,105,948,843,963,
188,120,-1701184612062,-1701184612182,-1701184612182,

16,246,220,-26,41,
84,67,163,96,191,
104,95,102,7,97,
101,90,161,71,139,
32,68,579,511,602,
113,91,165,74,185,
117,111,43,-68,-33,
121,35,502,467,560,
8,93,299,206,265,
105,59,1,-58,2,
111,60,474,414,507,
8,93,182,89,217,
118,128,632,504,636,
8,132,228,96,213,
99,117,157,40,126,
107,86,267,181,310,
32,129,513,384,478,
98,94,359,265,356,
114,91,235,144,253,
111,109,170,61,187,
119,126,106,-20,79,
110,99,161,62,187,
32,125,152,27,154,
102,127,149,22,138,
111,116,177,61,162,
120,101,141,40,172,
188,132,363,231,308,
32,77,183,106,206,
106,100,160,60,142,
117,82,220,138,285,
109,147,205,58,148,
112,90,69,-21,42,
115,63,575,512,640,
111,128,488,360,457,
8,97,176,79,190,
32,111,118,7,119,
111,112,280,168,304,
118,136,277,141,295,
101,154,104,-50,58,
114,108,111,3,116,
32,113,399,286,389,
116,103,146,43,171,
104,128,219,91,194,
101,103,148,45,180,
32,135,250,115,252,
108,137,127,-10,72,
97,82,462,380,518,
122,138,162,24,137,
121,113,197,84,198,
32,114,274,160,306,
100,146,156,10,144,
111,134,291,157,291,
103,134,349,215,342,
188,127,-1701184626048,-1701184626175,-1701184626175,

16,475,422,-53,9,
84,62,175,113,194,
104,81,98,17,95,
101,78,123,45,156,
32,111,177,66,170,
113,104,124,20,99,
117,79,190,111,233,
105,122,205,83,175,
99,92,78,-14,74,
107,88,222,134,261,
32,127,246,119,224,
98,105,202,97,211,
114,114,212,98,188,
111,90,163,73,203,
119,130,116,-14,114,
110,128,222,94,211,
32,117,233,116,234,
102,118,140,22,127,
112,105,308,203,285,
120,82,215,133,196,
8,63,149,86,138,
8,52,259,207,284,
111,77,3,-74,-21,
105,53,494,441,522,
8,81,172,91,190,
120,99,637,538,692,
188,154,277,123,233,
32,110,616,506,611,
106,105,214,109,190,
117,81,234,153,268,
109,115,192,77,175,
112,98,109,11,88,
115,77,197,120,240,
32,120,327,207,319,
111,112,216,104,209,
118,105,249,144,297,
101,153,96,-57,65,
114,122,125,3,106,
32,103,307,204,310,
116,106,155,49,147,
106,98,156,58,162,
101,104,349,245,316,
8,71,141,70,159,
8,89,181,92,202,
103,110,143,33,154,
101,121,413,292,385,
8,93,165,72,160,
8,88,178,90,233,
104,143,104,-39,92,
101,131,435,304,414,
32,110,253,143,277,
108,134,132,-2,73,
97,75,266,191,323,
122,132,110,-22,69,
121,91,235,144,251,
32,107,318,211,320,
100,109,117,8,130,
111,122,284,162,268,
103,106,302,196,290,
190,94,-1701184639937,-1701184640031,-1701184640031,

16,289,262,-27,13,
89,40,426,386,498,
8,112,184,72,291,
16,219,107,-112,-14,
84,98,227,129,238,
104,109,139,30,153,
101,123,137,14,161,
32,147,247,100,221,
113,121,148,27,122,
117,95,401,306,409,
105,103,193,90,210,
99,120,99,-21,77,
107,98,212,114,241,
32,127,250,123,206,
98,83,222,139,275,
114,136,173,37,152,
111,115,157,42,160,
119,118,144,26,141,
110,115,172,57,200,
32,143,332,189,310,
102,121,218,97,157,
111,60,307,247,346,
120,99,408,309,441,
188,132,224,92,194,
32,102,170,68,190,
106,122,241,119,198,
117,79,557,478,604,
109,126,248,122,218,
112,96,149,53,184,
115,131,242,111,233,
32,122,308,186,317,
111,131,237,106,225,
118,119,263,144,297,
101,153,84,-69,52,
114,121,125,4,103,
32,99,369,270,394,
116,124,203,79,179,
104,100,197,97,186,
101,89,128,39,155,
32,116,268,152,301,
108,149,164,15,102,
97,87,534,447,573,
122,126,105,-21,90,
121,111,182,71,198,
32,127,214,87,188,
100,101,128,27,156,
111,129,281,152,251,
104,99,473,374,456,
8,82,115,33,134,
103,101,332,231,364,
190,133,-1701184681164,-1701184681297,-1701184681297,

16,288,182,-106,-12,
84,94,226,132,210,
104,78,94,16,120,
101,104,193,89,150,
32,61,275,214,293,
113,79,159,80,194,
117,114,294,180,283,
105,103,196,93,199,
99,106,72,-34,76,
107,110,254,144,282,
32,138,373,235,376,
118,141,583,442,553,
8,111,238,127,257,
98,130,593,463,588,
114,125,557,432,545,
112,113,262,149,289,
119,140,272,132,199,
8,67,146,79,150,
8,71,714,643,746,
111,103,115,12,139,
119,127,155,28,145,
110,117,296,179,282,
32,103,186,83,172,
102,89,143,54,154,
111,100,154,54,150,
120,96,241,145,220,
188,75,147,72,179,
32,107,175,68,145,
106,77,149,72,127,
117,55,206,151,206,
109,55,1135,1080,1196,
112,116,143,27,127,
115,100,560,460,556,
111,96,422,326,400,
8,74,148,74,177,
32,103,128,25,122,
111,97,164,67,167,
118,100,281,181,300,
101,119,56,-63,84,
114,147,175,28,136,
32,108,445,337,429,
116,92,125,33,142,
104,109,181,72,186,
101,114,214,100,210,
32,110,239,129,240,
108,111,145,34,130,
97,96,241,145,313,
122,168,155,-13,85,
121,98,165,67,170,
32,103,182,79,208,
100,129,168,39,142,
111,103,226,123,229,
103,106,337,231,331,
188,100,-1701184695436,-1701184695536,-1701184695536,

16,361,345,-16,27,
84,43,173,130,210,
104,80,121,41,129,
101,88,124,36,174,
32,138,235,97,200,
113,103,164,61,167,
117,106,320,214,312,
105,98,178,80,189,
99,109,83,-26,89,
107,115,272,157,284,
32,127,522,395,492,
102,97,360,263,345,
8,82,742,660,740,
98,80,205,125,227,
97,102,51,-51,23,
114,74,882,808,886,
8,78,141,63,151,
8,88,1175,1087,1192,
114,105,230,125,219,
111,94,157,63,148,
119,85,113,28,116,
110,88,253,165,256,
32,91,144,53,136,
102,83,102,19,127,
111,108,191,83,180,
120,97,158,61,166,
188,105,137,32,144,
32,112,119,7,100,
106,93,182,89,145,
117,56,153,97,205,
109,108,169,61,151,
112,90,48,-42,41,
115,83,185,102,199,
32,97,238,141,240,
111,99,158,59,152,
118,93,203,110,236,
101,126,82,-44,65,
114,109,148,39,135,
32,96,417,321,455,
116,134,163,29,131,
104,102,289,187,308,
101,121,193,72,193,
32,121,285,164,263,
108,99,167,68,163,
97,95,375,280,377,
122,97,151,54,158,
121,104,200,96,188,
32,92,204,112,251,
100,139,186,47,169,
111,122,287,165,270,
103,105,315,210,352,
188,142,-1701184708579,-1701184708721,-1701184708721,

16,227,141,-86,3,
84,89,235,146,249,
104,103,152,49,103,
101,54,93,39,155,
32,116,267,151,258,
113,107,144,37,138,
117,101,218,117,220,
105,103,166,63,176,
99,113,111,-2,114,
107,116,256,140,255,
32,115,276,161,268,
98,107,245,138,251,
114,113,320,207,323,
111,116,570,454,563,
119,109,140,31,145,
110,114,332,218,313,
32,95,143,48,173,
102,125,163,38,150,
112,112,272,160,268,
120,108,240,132,198,
8,66,136,70,133,
8,63,299,236,326,
105,90,407,317,435,
8,118,522,404,490,
111,86,89,3,116,
120,113,324,211,314,
188,103,167,64,180,
32,116,136,20,109,
106,89,165,76,135,
117,59,166,107,204,
109,97,207,110,184,
112,74,93,19,113,
115,94,316,222,337,
32,115,233,118,245,
111,127,252,125,229,
118,104,242,138,259,
101,121,80,-41,83,
114,124,117,-7,100,
32,107,372,265,380,
116,115,174,59,168,
104,109,170,61,121,
116,60,356,296,399,
8,103,169,66,138,
101,72,177,105,218,
32,113,264,151,278,
108,127,136,9,115,
97,106,230,124,274,
122,150,113,-37,60,
121,97,168,71,170,
32,99,199,100,220,
100,120,118,-2,101,
111,103,270,167,257,
103,90,352,262,388,
188,126,-1701184720946,-1701184721072,-1701184721072,

