16,343,287,-56,32,
84,88,210,122,227,
104,105,124,19,158,
101,139,1431,1292,1438,
32,146,865,719,841,
113,122,183,61,120,
117,59,158,99,170,
105,71,132,61,160,
99,99,110,11,114,
107,103,392,289,405,
32,116,551,435,550,
98,115,335,220,338,
114,118,251,133,216,
111,83,214,131,249,
119,118,120,2,120,
110,118,174,56,181,
32,125,205,80,196,
102,116,195,79,204,
111,125,174,49,170,
120,121,222,101,223,
188,122,269,147,252,
32,105,488,383,512,
106,129,469,340,448,
117,108,461,353,532,
109,179,257,78,173,
112,95,124,29,161,
115,132,144,12,152,
32,140,389,249,368,
111,119,324,205,324,
98,119,201,82,278,
101,196,106,-90,45,
114,135,341,206,284,
8,78,157,79,146,
8,67,148,81,160,
8,79,564,485,595,
118,110,268,158,336,
101,178,76,-102,24,
114,126,157,31,157,
32,126,305,179,315,
121,136,299,163,282,
106,119,482,363,450,
8,87,164,77,148,
8,71,838,767,893,
116,126,136,10,114,
104,104,83,-21,80,
101,101,120,19,158,
32,139,319,180,283,
108,103,175,72,159,
97,87,399,312,429,
122,117,567,450,564,
121,114,246,132,223,
32,91,282,191,322,
100,131,147,16,110,
111,94,301,207,323,
103,116,407,291,390,
190,99,-1701092493788,-1701092493887,-1701092493887,

16,624,679,55,127,
116,72,183,111,195,
104,84,92,8,146,
101,138,226,88,210,
32,122,209,87,211,
113,124,174,50,150,
117,100,328,228,271,
105,43,422,379,485,
99,106,434,328,435,
107,107,200,93,228,
32,135,569,434,552,
98,118,230,112,202,
116,90,571,481,563,
8,82,367,285,383,
114,98,217,119,219,
111,100,198,98,168,
119,70,212,142,255,
110,113,234,121,227,
32,106,731,625,744,
102,119,166,47,164,
111,117,198,81,242,
120,161,377,216,335,
188,119,422,303,415,
32,112,842,730,854,
106,124,266,142,231,
117,89,255,166,289,
109,123,219,96,199,
112,103,141,38,157,
115,119,244,125,240,
32,115,329,214,310,
111,96,766,670,761,
118,91,311,220,374,
101,154,86,-68,61,
114,129,289,160,267,
32,107,555,448,561,
116,113,167,54,160,
104,106,118,12,115,
101,103,104,1,95,
32,94,221,127,256,
108,129,115,-14,92,
97,106,234,128,219,
122,91,132,41,147,
121,106,140,34,156,
32,122,850,728,830,
100,102,189,87,182,
111,95,292,197,305,
103,108,443,335,458,
190,123,-1701092510327,-1701092510450,-1701092510450,

16,678,623,-55,24,
84,79,189,110,214,
104,104,122,18,134,
101,116,133,17,138,
32,121,307,186,318,
113,132,135,3,108,
117,105,212,107,200,
105,93,133,40,160,
99,120,198,78,185,
107,107,220,113,228,
32,115,231,116,238,
98,122,319,197,291,
114,94,765,671,753,
101,82,960,878,975,
8,97,283,186,276,
111,90,170,80,173,
119,93,178,85,196,
110,111,218,107,202,
32,95,288,193,292,
102,99,117,18,109,
111,91,210,119,221,
120,102,293,191,311,
188,120,199,79,170,
32,91,138,47,143,
106,96,166,70,139,
117,69,194,125,226,
109,101,180,79,179,
112,100,156,56,141,
115,85,184,99,190,
32,91,287,196,316,
111,120,314,194,261,
118,67,145,78,218,
101,140,85,-55,25,
114,80,129,49,142,
32,93,309,216,311,
116,95,179,84,183,
104,99,85,-14,89,
101,103,108,5,134,
32,129,358,229,357,
108,128,142,14,108,
97,94,243,149,253,
122,104,115,11,88,
121,77,177,100,216,
32,116,925,809,879,
100,70,126,56,159,
111,103,677,574,677,
103,103,166,63,150,
188,87,324,237,337,
8,100,303,203,290,
190,87,-1701092523881,-1701092523968,-1701092523968,

16,305,324,19,54,
116,35,150,115,207,
104,92,96,4,110,
101,106,93,-13,111,
32,124,508,384,515,
113,131,182,51,131,
117,80,168,88,175,
105,87,128,41,133,
99,92,96,4,80,
107,76,203,127,198,
32,71,501,430,531,
98,101,373,272,362,
114,90,242,152,229,
111,77,172,95,188,
119,93,167,74,157,
110,83,171,88,202,
32,114,245,131,229,
102,98,113,15,125,
111,110,231,121,236,
120,115,139,24,125,
188,101,166,65,180,
32,115,305,190,313,
106,123,294,171,266,
117,95,250,155,262,
109,107,228,121,215,
112,94,301,207,390,
115,183,285,102,220,
32,118,309,191,310,
111,119,276,157,254,
118,97,148,51,224,
101,173,104,-69,46,
114,115,168,53,155,
32,102,253,151,251,
121,100,12,-88,-21,
116,67,233,166,184,
104,18,306,288,326,
8,38,130,92,163,
8,71,155,84,155,
8,71,508,437,516,
116,79,167,88,193,
104,105,92,-13,104,
101,117,112,-5,86,
32,91,206,115,216,
108,101,125,24,134,
97,110,269,159,262,
122,103,109,6,92,
121,86,127,41,167,
32,126,240,114,245,
100,131,139,8,130,
111,122,719,597,697,
103,100,273,173,253,
190,80,-1701092536057,-1701092536137,-1701092536137,

16,232,194,-38,24,
84,62,151,89,188,
104,99,80,-19,92,
101,111,96,-15,81,
32,96,295,199,338,
113,139,142,3,93,
117,90,225,135,246,
105,111,287,176,283,
99,107,249,142,236,
111,94,517,423,525,
8,102,260,158,231,
107,73,218,145,229,
32,84,340,256,333,
98,77,348,271,370,
114,99,204,105,195,
111,90,134,44,161,
119,117,121,4,96,
110,92,194,102,192,
32,90,196,106,197,
102,91,88,-3,68,
111,71,183,112,200,
120,88,330,242,352,
32,110,423,313,389,
8,76,197,121,233,
188,112,134,22,136,
32,114,508,394,480,
106,86,188,102,193,
109,91,204,113,201,
112,88,437,349,437,
117,88,147,59,174,
115,115,170,55,150,
32,95,321,226,329,
111,103,492,389,476,
8,87,174,87,142,
8,55,152,97,154,
8,57,146,89,150,
8,61,155,94,162,
8,68,149,81,178,
8,97,533,436,503,
117,67,204,137,227,
109,90,176,86,191,
112,105,458,353,440,
115,87,206,119,232,
32,113,229,116,217,
111,101,474,373,484,
118,111,356,245,416,
101,171,81,-90,46,
114,136,87,-49,85,
32,134,1104,970,1084,
116,114,222,108,220,
104,112,157,45,160,
101,115,120,5,137,
32,132,330,198,322,
108,124,105,-19,52,
97,71,241,170,281,
122,111,146,35,128,
121,93,261,168,316,
32,148,360,212,355,
100,143,319,176,307,
111,131,260,129,264,
103,135,373,238,375,
190,137,-1701092552327,-1701092552464,-1701092552464,

16,238,182,-56,39,
84,95,233,138,242,
104,104,101,-3,96,
101,99,130,31,157,
32,126,290,164,263,
113,99,191,92,211,
117,119,355,236,355,
105,119,179,60,174,
99,114,190,76,191,
107,115,256,141,216,
32,75,243,168,279,
98,111,275,164,291,
114,127,235,108,220,
101,112,470,358,456,
8,98,146,48,175,
119,127,553,426,558,
8,132,491,359,453,
111,94,99,5,112,
119,107,349,242,348,
110,106,270,164,313,
32,149,401,252,379,
102,127,859,732,840,
111,108,512,404,542,
120,138,912,774,915,
188,141,411,270,397,
32,127,510,383,474,
106,91,271,180,307,
109,127,688,561,650,
8,89,679,590,693,
117,103,391,288,395,
109,107,351,244,361,
112,117,261,144,259,
115,115,189,74,173,
32,99,337,238,344,
111,106,310,204,343,
118,139,291,152,343,
101,191,120,-71,60,
114,131,424,293,448,
32,155,255,100,219,
116,119,193,74,189,
104,115,441,326,451,
101,125,339,214,337,
32,123,456,333,428,
108,95,99,4,100,
97,96,590,494,624,
122,130,137,7,108,
121,101,330,229,349,
32,120,264,144,289,
100,145,297,152,255,
105,103,600,497,616,
8,119,707,588,686,
111,98,883,785,887,
103,102,451,349,473,
190,124,-1701092572303,-1701092572427,-1701092572427,

16,217,204,-13,56,
84,69,188,119,234,
104,115,276,161,284,
113,123,511,388,504,
8,116,191,75,207,
101,132,463,331,442,
32,111,602,491,598,
113,107,189,82,197,
117,115,154,39,135,
105,96,207,111,235,
99,124,97,-27,76,
107,103,200,97,216,
32,119,265,146,249,
98,103,240,137,284,
114,147,923,776,934,
111,158,212,54,167,
119,113,394,281,412,
110,131,274,143,274,
32,131,281,150,294,
102,144,312,168,288,
111,120,507,387,511,
120,124,170,46,207,
188,161,305,144,277,
32,133,995,862,969,
106,107,387,280,436,
109,156,963,807,910,
8,103,398,295,389,
117,94,594,500,622,
109,122,208,86,179,
112,93,67,-26,102,
115,128,171,43,157,
32,114,334,220,361,
111,141,717,576,675,
118,99,215,116,275,
101,159,61,-98,56,
114,154,230,76,211,
32,135,365,230,305,
116,75,171,96,193,
104,97,78,-19,84,
101,103,98,-5,123,
32,128,693,565,690,
108,125,182,57,132,
97,75,239,164,292,
122,128,207,79,193,
121,114,240,126,244,
32,118,228,110,216,
100,106,114,8,107,
111,99,118,19,133,
103,114,276,162,301,
190,139,-1701092588773,-1701092588912,-1701092588912,

16,210,198,-12,67,
84,79,174,95,184,
104,89,72,-17,104,
101,121,116,-5,122,
32,127,193,66,175,
113,109,134,25,121,
117,96,173,77,157,
105,80,83,3,127,
99,124,128,4,81,
107,77,178,101,197,
32,96,256,160,242,
98,82,176,94,215,
114,121,314,193,295,
111,102,192,90,209,
119,119,173,54,165,
110,111,170,59,172,
32,113,216,103,216,
102,113,452,339,441,
111,102,142,40,165,
120,125,214,89,217,
188,128,193,65,191,
32,126,475,349,439,
106,90,174,84,149,
117,65,208,143,271,
109,128,200,72,162,
112,90,81,-9,114,
115,123,184,61,152,
32,91,257,166,265,
111,99,300,201,308,
118,107,300,193,342,
101,149,90,-59,52,
114,111,177,66,173,
32,107,273,166,250,
116,84,185,101,195,
104,94,92,-2,88,
101,90,94,4,112,
32,108,290,182,274,
108,92,79,-13,94,
97,107,251,144,265,
122,121,179,58,154,
121,96,217,121,220,
32,99,585,486,626,
100,140,145,5,119,
111,114,595,481,620,
103,139,422,283,412,
188,129,603,474,569,
8,95,461,366,478,
190,112,-1701092600471,-1701092600583,-1701092600583,

16,239,210,-29,36,
84,65,161,96,181,
104,85,82,-3,113,
101,116,90,-26,113,
32,139,181,42,173,
113,131,226,95,212,
117,117,253,136,235,
105,99,191,92,187,
99,95,92,-3,104,
107,107,293,186,309,
32,123,264,141,248,
98,107,225,118,260,
114,142,530,388,478,
111,90,756,666,769,
119,103,135,32,144,
110,112,414,302,429,
32,127,177,50,150,
102,100,395,295,402,
111,107,131,24,130,
120,106,229,123,213,
188,90,120,30,134,
32,104,169,65,151,
106,86,165,79,139,
117,60,207,147,243,
109,96,185,89,185,
112,96,86,-10,97,
115,107,118,11,138,
32,127,434,307,417,
111,110,294,184,255,
118,71,540,469,605,
101,136,77,-59,52,
114,111,133,22,121,
32,99,224,125,217,
116,92,201,109,198,
104,89,73,-16,77,
101,93,105,12,120,
32,108,245,137,260,
108,123,98,-25,76,
97,101,228,127,220,
122,93,78,-15,99,
121,114,206,92,239,
32,147,251,104,236,
100,132,125,-7,109,
111,116,250,134,264,
103,130,-1701092610646,-1701092610776,-1701092610776,

16,175,122,-53,8,
84,61,155,94,183,
104,89,82,-7,96,
101,103,91,-12,142,
32,154,220,66,201,
113,135,132,-3,85,
117,88,164,76,175,
105,99,134,35,144,
99,109,83,-26,62,
107,88,311,223,338,
32,115,516,401,505,
118,104,626,522,640,
8,118,134,16,111,
98,95,540,445,549,
114,104,207,103,219,
111,116,148,32,127,
119,95,154,59,174,
110,115,253,138,255,
32,117,690,573,678,
102,105,158,53,156,
111,103,168,65,189,
120,124,213,89,225,
188,136,167,31,154,
32,123,152,29,125,
106,96,430,334,412,
117,78,200,122,214,
109,92,230,138,240,
112,102,117,15,122,
115,107,127,20,141,
32,121,748,627,758,
111,131,199,68,153,
118,85,259,174,279,
101,105,47,-58,49,
114,107,104,-3,108,
32,111,296,185,249,
116,64,188,124,203,
104,79,116,37,135,
101,98,104,6,143,
32,137,263,126,225,
108,99,90,-9,90,
97,99,245,146,218,
122,72,88,16,102,
121,86,173,87,180,
32,93,249,156,249,
100,93,90,-3,89,
111,92,202,110,208,
103,98,245,147,241,
190,94,-1701092622654,-1701092622748,-1701092622748,

16,611,609,-2,56,
84,58,169,111,198,
104,87,84,-3,83,
101,86,159,73,177,
32,104,716,612,689,
113,77,132,55,162,
117,107,149,42,137,
105,95,114,19,118,
99,99,86,-13,72,
107,85,212,127,245,
32,118,270,152,227,
98,75,230,155,246,
114,91,171,80,167,
111,87,119,32,137,
119,105,333,228,340,
110,112,329,217,345,
32,128,579,451,539,
102,88,135,47,158,
111,111,172,61,180,
120,119,175,56,171,
188,115,150,35,146,
32,111,1003,892,998,
106,106,241,135,208,
117,73,221,148,258,
109,110,234,124,223,
112,99,160,61,172,
115,111,108,-3,110,
32,113,1003,890,983,
111,93,352,259,336,
118,77,410,333,460,
101,127,80,-47,50,
114,97,94,-3,110,
32,113,253,140,201,
116,61,152,91,179,
104,88,86,-2,69,
101,71,81,10,136,
32,126,240,114,232,
108,118,104,-14,69,
97,83,212,129,196,
122,67,150,83,169,
121,86,181,95,181,
32,86,246,160,268,
100,108,91,-17,87,
111,104,279,175,270,
103,95,209,114,205,
190,91,-1701092634564,-1701092634655,-1701092634655,

16,272,243,-29,36,
84,65,172,107,188,
104,81,134,53,161,
101,108,105,-3,130,
32,133,247,114,213,
113,99,168,69,152,
117,83,162,79,170,
105,91,125,34,143,
99,109,584,475,574,
107,99,304,205,364,
32,159,399,240,367,
98,127,310,183,318,
114,135,729,594,724,
111,130,173,43,155,
119,112,165,53,177,
110,124,200,76,179,
32,103,324,221,342,
102,121,244,123,235,
111,112,220,108,241,
120,133,248,115,146,
108,31,274,243,282,
190,39,258,219,283,
8,64,150,86,146,
8,60,392,332,451,
109,119,509,390,504,
8,114,367,253,378,
188,125,387,262,358,
32,96,338,242,353,
106,111,761,650,739,
117,89,220,131,258,
109,127,177,50,154,
112,104,117,13,98,
115,85,96,11,119,
32,108,249,141,269,
111,128,542,414,512,
118,98,369,271,407,
101,136,78,-58,52,
114,110,179,69,193,
32,124,308,184,255,
116,71,186,115,210,
104,95,125,30,143,
101,113,96,-17,108,
32,125,271,146,277,
108,131,118,-13,54,
97,67,217,150,242,
122,92,176,84,195,
121,111,44,-67,-37,
116,30,648,618,731,
8,113,286,173,271,
32,98,430,332,437,
100,105,112,7,121,
111,114,145,31,156,
103,125,306,181,255,
190,74,-1701092649262,-1701092649336,-1701092649336,

16,200,178,-22,40,
84,62,160,98,185,
104,87,84,-3,108,
101,111,108,-3,80,
32,83,256,173,283,
113,110,180,70,172,
117,102,172,70,158,
105,88,186,98,192,
99,94,76,-18,91,
107,109,224,115,214,
32,99,256,157,245,
98,88,155,67,174,
114,107,178,71,170,
111,99,148,49,149,
119,100,112,12,109,
110,97,174,77,183,
32,106,200,94,198,
102,104,84,-20,66,
111,86,194,108,203,
120,95,141,46,145,
188,99,146,47,152,
32,105,146,41,120,
106,79,195,116,156,
117,40,149,109,210,
109,101,212,111,162,
112,51,42,-9,82,
115,91,184,93,200,
32,107,220,113,168,
111,55,687,632,718,
118,86,134,48,148,
101,100,53,-47,49,
114,96,157,61,93,
32,32,214,182,273,
116,91,760,669,763,
104,94,104,10,103,
101,93,125,32,168,
32,136,276,140,247,
108,107,104,-3,100,
97,103,237,134,243,
122,109,107,-2,78,
121,80,128,48,179,
32,131,247,116,223,
100,107,96,-11,74,
111,85,143,58,150,
103,92,265,173,260,
190,87,-1701092658299,-1701092658386,-1701092658386,

16,198,221,23,77,
116,54,165,111,202,
104,91,104,13,122,
101,109,116,7,152,
32,145,249,104,193,
113,89,172,83,187,
117,104,288,184,287,
105,103,179,76,191,
99,115,238,123,207,
107,84,271,187,295,
32,108,267,159,255,
98,96,178,82,197,
114,115,155,40,140,
111,100,135,35,146,
119,111,121,10,102,
110,92,188,96,194,
32,98,202,104,205,
102,101,76,-25,80,
111,105,211,106,227,
120,121,142,21,126,
188,105,149,44,156,
32,112,125,13,93,
106,80,166,86,152,
117,66,188,122,245,
109,123,237,114,229,
112,115,118,3,96,
115,93,216,123,216,
32,93,238,145,253,
111,108,231,123,210,
98,87,109,22,170,
101,148,79,-69,59,
114,128,169,41,139,
32,98,252,154,203,
187,49,289,240,310,
8,70,170,100,156,
8,56,147,91,166,
8,75,194,119,219,
8,100,314,214,326,
8,112,549,437,524,
118,87,154,67,205,
101,138,68,-70,51,
114,121,71,-50,83,
32,133,253,120,194,
116,74,153,79,179,
104,100,108,8,79,
101,71,101,30,143,
32,113,205,92,213,
108,121,96,-25,66,
97,91,200,109,205,
122,96,109,13,88,
121,75,181,106,210,
32,104,261,157,264,
100,107,132,25,100,
111,75,7,-68,-28,
105,40,917,877,955,
8,78,138,60,154,
103,94,625,531,617,
190,86,-1701092670139,-1701092670225,-1701092670225,

16,201,192,-9,45,
84,54,152,98,178,
104,80,101,21,100,
101,79,71,-8,119,
32,127,219,92,199,
113,107,128,21,110,
117,89,204,115,189,
111,74,161,87,194,
99,107,335,228,300,
8,72,141,69,137,
8,68,515,447,513,
105,66,110,44,152,
99,108,88,-20,64,
107,84,230,146,232,
32,86,202,116,188,
98,72,156,84,191,
114,107,141,34,138,
111,104,426,322,407,
119,85,699,614,716,
110,102,377,275,413,
32,138,551,413,515,
102,102,445,343,463,
111,120,158,38,170,
120,132,295,163,304,
188,141,299,158,290,
32,132,337,205,339,
106,134,605,471,545,
117,74,203,129,244,
109,115,200,85,180,
112,95,72,-23,73,
115,96,123,27,109,
32,82,251,169,297,
111,128,288,160,226,
118,66,141,75,190,
101,115,68,-47,73,
114,120,156,36,97,
32,61,228,167,232,
116,65,182,117,196,
104,79,93,14,96,
101,82,119,37,157,
32,120,225,105,230,
108,125,95,-30,53,
97,83,186,103,192,
122,89,74,-15,81,
121,96,198,102,197,
32,95,265,170,289,
100,119,210,91,150,
105,59,573,514,612,
8,98,274,176,277,
111,101,313,212,294,
103,82,388,306,380,
190,74,-1701092683086,-1701092683160,-1701092683160,

16,180,183,3,55,
116,52,158,106,190,
104,84,101,17,151,
101,134,75,-59,60,
32,119,228,109,212,
113,103,129,26,77,
117,51,155,104,159,
105,55,88,33,141,
99,108,101,-7,62,
107,69,205,136,233,
32,97,228,131,234,
98,103,178,75,214,
114,139,582,443,540,
111,97,151,54,175,
119,121,142,21,118,
110,97,186,89,216,
32,127,187,60,179,
102,119,117,-2,90,
111,92,136,44,163,
120,119,174,55,174,
188,119,140,21,142,
32,121,151,30,115,
106,85,173,88,146,
117,58,183,125,214,
109,89,177,88,182,
112,94,73,-21,88,
115,109,150,41,169,
32,128,351,223,334,
111,111,248,137,228,
118,91,235,144,287,
101,143,86,-57,49,
114,106,319,213,305,
32,92,241,149,212,
116,63,150,87,177,
104,90,53,-37,44,
101,81,123,42,159,
32,117,204,87,190,
108,103,147,44,157,
97,113,281,168,255,
122,87,116,29,97,
121,68,131,63,196,
32,133,314,181,308,
100,127,131,4,120,
111,116,187,71,170,
103,99,450,351,480,
188,129,-1701092691888,-1701092692017,-1701092692017,

16,158,199,41,125,
116,84,207,123,225,
104,102,108,6,105,
101,99,106,7,124,
32,117,277,160,271,
113,111,330,219,337,
117,118,410,292,355,
111,63,528,465,556,
8,91,278,187,278,
105,91,198,107,214,
99,107,151,44,131,
107,87,308,221,318,
32,97,231,134,227,
98,93,253,160,311,
114,151,217,66,169,
111,103,188,85,216,
119,131,225,94,222,
109,128,344,216,337,
32,121,259,138,205,
8,67,142,75,150,
8,75,203,128,228,
110,100,206,106,221,
32,115,176,61,191,
102,130,138,8,138,
111,130,278,148,267,
120,119,256,137,268,
188,131,165,34,152,
32,118,220,102,210,
106,108,195,87,170,
117,83,213,130,233,
109,103,160,57,172,
112,115,80,-35,56,
115,91,162,71,188,
32,117,589,472,563,
111,91,229,138,227,
118,89,397,308,458,
101,150,115,-35,108,
114,143,176,33,149,
32,116,232,116,216,
121,100,217,117,183,
104,66,63,-3,73,
101,76,145,69,190,
32,121,279,158,214,
8,56,145,89,148,
8,59,149,90,161,
8,71,357,286,380,
8,94,273,179,250,
116,71,143,72,167,
101,95,32,-63,18,
104,81,198,117,254,
32,137,269,132,234,
186,102,415,313,385,
8,72,344,272,374,
108,102,121,19,103,
97,84,204,120,211,
122,91,110,19,102,
121,83,465,382,506,
32,124,232,108,195,
100,87,60,-27,57,
111,84,200,116,187,
103,71,387,316,406,
190,90,-1701092706687,-1701092706777,-1701092706777,

16,289,293,4,45,
116,41,147,106,191,
104,85,148,63,191,
101,128,24,-104,25,
32,129,415,286,362,
113,76,168,92,203,
117,111,298,187,301,
105,114,198,84,194,
99,110,134,24,133,
107,109,996,887,1009,
32,122,1142,1020,1102,
98,82,387,305,432,
114,127,191,64,177,
111,113,183,70,175,
119,105,131,26,124,
110,98,161,63,182,
32,119,241,122,233,
100,111,472,361,467,
8,106,145,39,176,
102,137,191,54,109,
111,55,244,189,298,
120,109,161,52,180,
188,128,126,-2,91,
32,93,726,633,735,
106,102,185,83,156,
117,73,202,129,247,
109,118,181,63,184,
112,121,133,12,117,
115,105,358,253,353,
32,100,456,356,467,
111,111,489,378,469,
118,91,158,67,211,
101,144,77,-67,49,
114,116,110,-6,102,
32,108,266,158,220,
116,62,142,80,178,
104,98,105,7,65,
101,58,55,-3,152,
32,155,253,98,203,
108,105,111,6,109,
97,103,240,137,228,
122,91,110,19,88,
121,69,155,86,189,
32,103,232,129,240,
100,111,115,4,126,
111,122,259,137,254,
103,117,302,185,267,
190,82,-1701092719438,-1701092719520,-1701092719520,

16,225,186,-39,37,
84,76,176,100,179,
104,79,118,39,133,
101,94,81,-13,66,
32,79,243,164,254,
113,90,291,201,266,
117,65,192,127,187,
105,60,449,389,504,
99,115,156,41,138,
107,97,191,94,203,
32,109,239,130,258,
98,128,252,124,272,
114,148,779,631,749,
111,118,183,65,178,
119,113,198,85,204,
110,119,235,116,187,
32,71,560,489,615,
102,126,178,52,171,
111,119,301,182,322,
120,140,345,205,328,
188,123,346,223,334,
32,111,576,465,605,
106,140,541,401,498,
105,97,548,451,531,
8,80,759,679,786,
117,107,423,316,523,
109,207,662,455,559,
112,104,134,30,139,
115,109,146,37,165,
32,128,453,325,451,
111,126,391,265,368,
98,103,183,80,233,
101,153,100,-53,46,
114,99,113,14,143,
32,129,358,229,295,
8,66,155,89,145,
8,56,150,94,157,
8,63,143,80,151,
8,71,533,462,556,
118,94,688,594,727,
101,133,47,-86,38,
114,124,119,-5,130,
32,135,281,146,248,
116,102,203,101,194,
104,93,88,-5,105,
101,110,68,-42,74,
32,116,204,88,224,
108,136,163,27,154,
97,127,283,156,282,
122,126,177,51,152,
121,101,19,-82,-18,
116,64,562,498,607,
8,109,384,275,384,
32,109,242,133,293,
100,160,277,117,240,
111,123,321,198,315,
103,117,353,236,372,
190,136,-1701092736424,-1701092736560,-1701092736560,

16,186,153,-33,26,
84,59,148,89,184,
104,95,119,24,153,
101,129,118,-11,122,
32,133,197,64,177,
113,113,367,254,364,
117,110,319,209,293,
105,84,451,367,463,
99,96,141,45,173,
107,128,272,144,234,
32,90,299,209,312,
98,103,444,341,421,
114,80,480,400,510,
111,110,243,133,232,
119,99,133,34,140,
110,106,250,144,240,
32,96,427,331,365,
100,34,148,114,181,
102,67,433,366,431,
8,65,157,92,143,
8,51,65,14,143,
102,129,177,48,159,
111,111,337,226,354,
120,128,314,186,250,
188,64,348,284,369,
32,85,362,277,379,
106,102,6,-96,-20,
104,76,539,463,567,
8,104,882,778,892,
117,114,538,424,564,
109,140,169,29,159,
112,130,349,219,342,
115,123,263,140,258,
32,118,225,107,220,
111,113,222,109,149,
111,40,413,373,484,
8,111,484,373,462,
118,89,146,57,194,
101,137,87,-50,50,
114,100,85,-15,74,
32,89,228,139,217,
116,78,160,82,167,
104,85,76,-9,100,
101,109,103,-6,104,
32,110,552,442,540,
108,98,158,60,140,
97,80,275,195,269,
122,74,137,63,174,
121,111,136,25,158,
32,133,244,111,251,
100,140,153,13,131,
111,118,274,156,275,
103,119,364,245,367,
188,122,-1701092751369,-1701092751491,-1701092751491,

16,265,246,-19,42,
84,61,157,96,188,
104,92,113,21,136,
101,115,106,-9,110,
32,119,885,766,869,
113,103,255,152,256,
117,104,193,89,172,
105,83,194,111,168,
107,57,430,373,477,
8,104,149,45,165,
99,120,124,4,101,
107,97,237,140,255,
32,115,287,172,273,
98,101,250,149,312,
114,163,391,228,356,
111,128,215,87,206,
119,119,136,17,151,
110,134,230,96,200,
32,104,599,495,612,
102,117,331,214,332,
111,118,230,112,264,
120,152,544,392,506,
188,114,369,255,386,
32,131,461,330,458,
106,128,263,135,264,
109,129,326,197,299,
111,102,328,226,310,
8,84,164,80,160,
8,80,634,554,648,
117,94,224,130,243,
109,113,179,66,170,
112,104,101,-3,103,
115,106,119,13,118,
32,105,379,274,365,
111,91,315,224,297,
118,73,169,96,214,
101,118,48,-70,63,
114,133,107,-26,66,
32,92,233,141,205,
116,64,164,100,183,
104,83,80,-3,90,
101,93,85,-8,116,
32,124,223,99,201,
108,102,362,260,338,
97,78,258,180,300,
122,120,141,21,113,
121,92,103,11,135,
32,124,248,124,230,
100,106,77,-29,82,
111,111,188,77,194,
103,117,351,234,339,
190,105,-1701092765112,-1701092765217,-1701092765217,

16,207,202,-5,61,
84,66,172,106,186,
104,80,161,81,197,
101,116,145,29,150,
32,121,284,163,294,
113,131,217,86,178,
117,92,253,161,262,
105,101,152,51,170,
99,119,121,2,106,
107,104,207,103,214,
32,111,273,162,203,
118,41,17,-24,17,
98,41,481,440,514,
8,74,130,56,143,
8,87,232,145,240,
98,95,520,425,528,
114,103,464,361,439,
111,78,170,92,225,
119,133,120,-13,66,
110,79,251,172,286,
32,114,210,96,226,
102,130,183,53,156,
111,103,273,170,294,
120,124,340,216,316,
188,100,195,95,231,
32,136,238,102,212,
106,110,658,548,662,
117,114,388,274,401,
109,127,281,154,272,
112,118,171,53,162,
115,109,158,49,163,
32,114,307,193,288,
111,95,369,274,393,
98,119,218,99,255,
101,156,96,-60,56,
114,116,296,180,275,
8,95,157,62,129,
8,67,148,81,172,
8,91,247,156,226,
99,70,352,282,387,
8,105,137,32,136,
118,104,257,153,340,
101,187,112,-75,52,
114,127,164,37,174,
32,137,319,182,284,
116,102,238,136,251,
104,115,208,93,228,
101,135,107,-28,100,
32,128,297,169,315,
108,146,126,-20,87,
97,107,230,123,248,
122,125,100,-25,81,
121,106,247,141,252,
32,111,278,167,324,
100,157,332,175,266,
111,91,249,158,265,
103,107,-1701092778939,-1701092779046,-1701092779046,

16,159,299,140,347,
16,207,148,-59,16,
84,75,166,91,184,
104,93,139,46,143,
101,97,91,-6,117,
32,123,261,138,229,
113,91,148,57,165,
117,108,240,132,242,
105,110,177,67,170,
99,103,107,4,108,
107,104,190,86,205,
32,119,222,103,207,
98,104,277,173,309,
114,136,486,350,461,
111,111,220,109,202,
119,93,88,-5,111,
110,116,410,294,429,
32,135,360,225,340,
102,115,213,98,214,
111,116,202,86,190,
120,104,346,242,369,
188,127,291,164,271,
32,107,284,177,295,
106,118,373,255,355,
117,100,273,173,308,
109,135,348,213,297,
112,84,229,145,262,
115,117,90,-27,121,
32,148,538,390,499,
111,109,313,204,285,
98,81,165,84,243,
101,159,89,-70,48,
114,118,156,38,139,
32,101,349,248,345,
8,97,172,75,142,
8,67,147,80,178,
8,98,213,115,215,
8,100,224,124,248,
99,124,242,118,299,
101,181,87,-94,35,
114,129,153,24,141,
32,117,12,-105,-13,
110,92,301,209,275,
8,66,157,91,159,
8,68,156,88,159,
8,71,142,71,163,
8,92,392,300,377,
8,77,174,97,204,
118,107,286,179,350,
101,171,92,-79,72,
114,151,208,57,187,
32,130,4,-126,-92,
110,34,724,690,776,
8,86,226,140,264,
114,124,190,66,179,
104,113,423,310,392,
8,82,149,67,150,
8,83,258,175,285,
116,110,86,-24,72,
104,96,151,55,177,
101,122,141,19,115,
32,96,239,143,278,
108,135,108,-27,84,
97,111,227,116,225,
122,109,98,-11,74,
121,85,156,71,192,
32,121,250,129,276,
100,147,155,8,120,
111,112,230,118,232,
103,114,984,870,1012,
190,142,-1701092796182,-1701092796324,-1701092796324,

16,250,226,-24,38,
84,62,234,172,219,
104,47,295,248,331,
101,83,242,159,243,
32,84,212,128,240,
113,112,165,53,152,
117,99,244,145,255,
105,110,209,99,212,
99,113,100,-13,98,
107,111,238,127,246,
32,119,262,143,250,
98,107,248,141,270,
114,129,169,40,148,
111,108,163,55,158,
119,103,158,55,170,
110,115,219,104,213,
32,109,400,291,402,
102,111,116,5,128,
111,123,256,133,256,
120,123,330,207,319,
188,112,201,89,224,
32,135,315,180,256,
104,76,542,466,593,
8,127,275,148,243,
106,95,215,120,231,
109,111,328,217,328,
8,111,215,104,201,
117,97,269,172,259,
111,87,297,210,297,
109,87,247,160,242,
8,82,143,61,147,
8,86,1094,1008,1103,
117,95,395,300,418,
8,118,307,189,284,
109,95,203,108,187,
112,79,88,9,120,
115,111,174,63,199,
32,136,908,772,857,
111,85,286,201,288,
118,87,160,73,215,
101,142,99,-43,36,
114,79,48,-31,81,
32,112,229,117,169,
116,52,178,126,228,
104,102,138,36,124,
101,88,126,38,167,
32,129,357,228,311,
97,83,418,335,401,
8,66,364,298,385,
186,87,115,28,117,
97,89,553,464,563,
8,99,163,64,148,
8,84,497,413,541,
108,128,140,12,85,
97,73,201,128,237,
122,109,100,-9,63,
121,72,252,180,279,
32,99,237,138,250,
100,112,100,-12,108,
111,120,210,90,207,
103,117,269,152,229,
190,77,-1701092812832,-1701092812909,-1701092812909,

16,256,279,23,89,
116,66,161,95,182,
104,87,85,-2,90,
101,92,151,59,179,
32,120,374,254,386,
113,132,134,2,90,
117,88,212,124,224,
105,100,365,265,380,
99,115,643,528,631,
107,103,305,202,280,
32,78,346,268,348,
98,80,179,99,258,
114,159,382,223,319,
111,96,259,163,298,
119,135,192,57,105,
110,48,184,136,247,
32,111,432,321,440,
102,119,166,47,163,
111,116,200,84,218,
120,134,336,202,354,
109,152,278,126,261,
32,135,276,141,213,
8,72,142,70,143,
8,73,714,641,797,
188,156,353,197,342,
32,145,502,357,472,
106,115,532,417,511,
117,94,227,133,284,
109,151,256,105,222,
112,117,113,-4,107,
115,111,123,12,138,
32,126,260,134,263,
111,129,337,208,304,
98,96,363,267,393,
187,126,229,103,236,
118,133,370,237,294,
8,57,144,87,163,
8,76,155,79,142,
8,63,381,318,429,
118,111,199,88,299,
101,211,104,-107,22,
114,129,174,45,185,
32,140,329,189,276,
116,87,215,128,231,
104,103,193,90,200,
101,110,137,27,153,
32,126,229,103,230,
108,127,135,8,125,
97,117,329,212,351,
122,139,132,-7,98,
121,105,225,120,232,
32,112,559,447,552,
100,105,89,-16,92,
111,108,255,147,241,
103,94,369,275,410,
190,135,-1701092828150,-1701092828285,-1701092828285,

16,1150,992,-158,-81,
84,77,880,803,896,
104,93,167,74,209,
101,135,108,-27,107,
32,134,966,832,951,
113,119,1092,973,1051,
117,78,982,904,1006,
105,102,249,147,258,
99,111,137,26,123,
107,97,797,700,865,
32,165,383,218,317,
98,99,259,160,273,
114,113,202,89,196,
111,107,138,31,146,
119,115,120,5,121,
110,116,201,85,205,
32,120,532,412,530,
102,118,250,132,265,
111,133,127,-6,114,
120,120,2962,2842,2954,
188,112,299,187,334,
32,147,311,164,277,
106,113,183,70,181,
117,111,253,142,279,
109,137,193,56,154,
112,98,91,-7,84,
115,91,153,62,184,
32,122,739,617,719,
111,102,254,152,254,
118,102,204,102,274,
101,172,69,-103,32,
114,135,138,3,97,
32,94,254,160,243,
116,83,180,97,200,
104,103,101,-2,95,
101,97,85,-12,122,
32,134,528,394,524,
108,130,206,76,163,
97,87,253,166,282,
122,116,214,98,173,
121,75,192,117,212,
32,95,316,221,321,
100,100,97,-3,100,
111,103,123,20,144,
103,124,265,141,269,
188,128,-1701092845996,-1701092846124,-1701092846124,

16,274,195,-79,12,
84,91,205,114,215,
104,101,91,-10,91,
101,101,147,46,170,
32,124,531,407,500,
113,93,137,44,153,
117,109,300,191,311,
111,120,573,453,566,
8,113,292,179,258,
105,79,158,79,190,
99,111,162,51,146,
107,95,210,115,220,
32,105,214,109,200,
98,91,170,79,166,
114,87,138,51,154,
111,103,368,265,352,
119,87,133,46,158,
110,112,239,127,260,
32,133,882,749,851,
102,102,195,93,203,
111,110,648,538,660,
120,122,384,262,369,
188,107,348,241,407,
32,166,404,238,346,
106,108,285,177,256,
117,79,400,321,412,
112,91,647,556,647,
8,91,287,196,326,
109,130,198,68,183,
112,115,118,3,115,
115,112,220,108,258,
32,150,434,284,383,
111,99,208,109,207,
118,98,257,159,284,
101,125,60,-65,42,
114,107,84,-23,83,
32,106,268,162,234,
116,72,169,97,178,
104,81,72,-9,74,
101,83,104,21,130,
32,109,997,888,1009,
108,121,597,476,619,
97,143,632,489,600,
122,111,201,90,195,
117,105,805,700,791,
8,91,210,119,237,
121,118,296,178,289,
32,111,211,100,215,
100,115,166,51,143,
111,92,183,91,224,
103,133,223,90,193,
190,103,-1701092861928,-1701092862031,-1701092862031,

16,144,196,52,119,
116,67,164,97,181,
104,84,97,13,96,
101,83,97,14,149,
32,135,445,310,417,
113,107,236,129,203,
121,74,3,-71,-8,
117,63,489,426,519,
8,93,162,69,152,
8,83,352,269,348,
117,79,246,167,272,
105,105,177,72,174,
99,102,112,10,111,
107,101,230,129,266,
32,137,463,326,422,
98,96,203,107,242,
114,135,311,176,302,
101,126,474,348,419,
8,71,271,200,303,
111,103,172,69,184,
119,115,130,15,136,
110,121,295,174,314,
32,140,343,203,346,
102,143,257,114,249,
111,135,215,80,219,
120,139,367,228,343,
188,115,180,65,174,
32,109,152,43,160,
106,117,252,135,241,
117,106,269,163,300,
109,137,335,198,317,
112,119,182,63,162,
115,99,289,190,289,
32,99,277,178,225,
111,47,393,346,441,
98,95,181,86,193,
101,107,59,-48,77,
114,125,165,40,134,
32,94,374,280,372,
8,92,173,81,145,
8,64,133,69,165,
8,96,302,206,308,
8,102,209,107,223,
118,116,270,154,297,
101,143,81,-62,44,
114,106,187,81,200,
32,119,239,120,208,
121,88,549,461,586,
8,125,358,233,334,
116,101,154,53,125,
104,72,111,39,102,
101,63,90,27,154,
32,127,303,176,262,
108,86,394,308,435,
97,127,280,153,304,
122,151,120,-31,50,
121,81,244,163,245,
32,82,268,186,296,
100,110,95,-15,101,
111,116,173,57,170,
103,113,263,150,239,
190,89,-1701092877932,-1701092878021,-1701092878021,

16,236,212,-24,32,
84,56,159,103,184,
104,81,53,-28,121,
101,149,202,53,186,
32,133,275,142,258,
113,116,201,85,209,
117,124,451,327,435,
105,108,249,141,286,
99,145,345,200,303,
107,103,309,206,305,
32,99,266,167,284,
98,117,885,768,862,
114,94,387,293,370,
111,77,182,105,204,
119,99,160,61,168,
110,107,282,175,274,
32,99,216,117,214,
102,97,239,142,258,
111,116,152,36,153,
120,117,212,95,219,
188,124,306,182,287,
32,105,630,525,604,
106,79,170,91,138,
117,47,154,107,205,
109,98,175,77,165,
112,88,41,-47,40,
115,87,189,102,241,
32,139,270,131,245,
111,114,272,158,253,
98,95,251,156,256,
101,100,344,244,328,
8,84,151,67,171,
8,104,310,206,330,
118,124,372,248,431,
101,183,68,-115,28,
114,143,146,3,137,
32,134,749,615,756,
114,141,305,164,278,
104,114,326,212,282,
8,70,147,77,186,
8,109,215,106,264,
116,158,199,41,170,
104,129,412,283,381,
101,98,196,98,227,
32,129,255,126,273,
108,147,161,14,124,
97,110,242,132,307,
122,175,172,-3,116,
121,119,193,74,190,
32,116,335,219,341,
100,122,127,5,120,
111,115,229,114,222,
103,108,396,288,411,
190,123,-1701092908955,-1701092909078,-1701092909078,

16,559,484,-75,4,
84,79,152,73,164,
104,91,303,212,327,
101,115,213,98,225,
32,127,520,393,500,
113,107,180,73,164,
117,91,318,227,318,
105,91,306,215,365,
99,150,250,100,187,
107,87,249,162,285,
32,123,1129,1006,1071,
98,65,440,375,508,
114,133,412,279,405,
111,126,171,45,154,
119,109,133,24,152,
110,128,274,146,246,
32,100,456,356,491,
102,135,234,99,238,
111,139,394,255,402,
120,147,247,100,233,
190,133,406,273,359,
32,86,381,295,370,
8,75,152,77,136,
8,59,228,169,309,
109,140,580,440,553,
8,113,820,707,842,
109,135,518,383,505,
8,122,925,803,948,
188,145,541,396,523,
32,127,407,280,399,
107,119,502,383,489,
8,106,403,297,392,
106,95,36,-59,-21,
104,38,466,428,551,
8,123,618,495,588,
117,93,267,174,289,
109,115,216,101,215,
112,114,100,-14,95,
115,109,474,365,487,
111,122,523,401,512,
8,111,171,60,197,
32,137,234,97,207,
111,110,707,597,668,
118,71,168,97,198,
101,101,49,-52,68,
114,120,110,-10,123,
32,133,663,530,618,
116,88,187,99,199,
104,100,119,19,104,
101,85,623,538,589,
32,51,382,331,441,
108,110,106,-4,81,
97,85,236,151,270,
122,119,116,-3,55,
121,58,151,93,189,
32,96,181,85,206,
100,121,132,11,87,
111,76,144,68,160,
103,92,298,206,296,
190,90,-1701092929726,-1701092929816,-1701092929816,

16,282,234,-48,11,
84,59,151,92,183,
104,91,84,-7,78,
101,85,144,59,147,
32,88,1460,1372,1436,
113,64,163,99,148,
121,49,139,90,181,
105,91,178,87,190,
99,103,84,-19,64,
107,83,604,521,589,
8,68,144,76,146,
8,70,148,78,153,
8,75,517,442,516,
8,74,204,130,195,
117,65,217,152,234,
99,82,362,280,350,
8,70,179,109,192,
105,83,194,111,220,
99,109,88,-21,68,
107,89,430,341,492,
32,151,1246,1095,1188,
98,93,161,68,175,
114,107,131,24,114,
111,90,125,35,142,
119,107,134,27,107,
110,80,166,86,209,
32,123,220,97,221,
102,124,150,26,158,
111,132,266,134,256,
120,122,184,62,191,
188,129,121,-8,133,
32,141,410,269,343,
104,74,477,403,508,
8,105,285,180,279,
106,99,453,354,468,
109,114,2507,2393,2517,
8,124,316,192,267,
117,75,230,155,248,
109,93,169,76,203,
112,127,118,-9,99,
115,108,157,49,193,
32,144,13947,13803,13895,
111,92,281,189,250,
118,61,146,85,215,
101,130,73,-57,56,
114,113,130,17,99,
32,82,216,134,202,
116,68,188,120,203,
104,83,46,-37,23,
101,60,113,53,178,
32,125,301,176,300,
108,124,121,-3,91,
97,94,323,229,363,
122,134,172,38,155,
121,117,381,264,396,
32,132,285,153,239,
100,86,118,32,134,
111,102,249,147,261,
103,114,206,92,168,
190,76,-1701092961765,-1701092961841,-1701092961841,

16,401,304,-97,-19,
84,78,212,134,225,
104,91,303,212,355,
101,143,816,673,809,
32,136,642,506,616,
113,110,211,101,173,
117,72,184,112,215,
105,103,220,117,242,
99,125,109,-16,72,
107,88,180,92,218,
32,126,1046,920,1017,
98,97,464,367,500,
114,133,131,-2,85,
111,87,113,26,133,
119,107,358,251,358,
110,107,1103,996,1131,
32,135,193,58,165,
102,107,172,65,168,
111,103,133,30,149,
120,119,840,721,846,
188,125,119,-6,84,
32,90,556,466,594,
104,128,465,337,444,
8,107,234,127,223,
106,96,180,84,159,
117,75,204,129,237,
109,108,211,103,144,
219,41,40,-1,106,
115,107,698,591,695,
8,104,159,55,130,
8,75,302,227,349,
112,122,131,9,103,
115,94,110,16,159,
32,143,732,589,708,
111,119,306,187,296,
118,109,215,106,274,
101,168,84,-84,30,
114,114,81,-33,74,
32,107,249,142,221,
116,79,166,87,185,
104,98,86,-12,102,
101,114,139,25,166,
32,141,783,642,770,
108,128,122,-6,112,
97,118,279,161,295,
122,134,128,-6,78,
121,84,118,34,180,
32,146,309,163,283,
100,120,117,-3,100,
111,103,127,24,138,
103,114,418,304,371,
190,67,-1701092995883,-1701092995950,-1701092995950,

16,533,452,-81,-21,
84,60,163,103,183,
104,80,89,9,83,
101,74,70,-4,116,
32,120,607,487,570,
113,83,126,43,131,
117,88,162,74,158,
105,84,172,88,163,
99,75,22,-53,18,
107,71,671,600,709,
32,109,493,384,478,
98,94,555,461,565,
114,104,135,31,111,
111,80,114,34,137,
119,103,198,95,204,
110,109,206,97,213,
32,116,219,103,182,
102,79,119,40,127,
111,87,153,66,158,
120,92,196,104,215,
188,111,166,55,124,
32,69,458,389,493,
106,104,197,93,161,
117,68,213,145,221,
109,76,173,97,155,
112,58,52,-6,81,
115,87,216,129,232,
32,103,226,123,183,
111,60,243,183,262,
98,79,146,67,183,
101,116,69,-47,56,
114,103,148,45,153,
32,108,315,207,277,
8,70,145,75,142,
8,67,142,75,157,
8,82,302,220,307,
8,87,211,124,259,
99,135,276,141,302,
101,161,92,-69,31,
114,100,286,186,269,
8,83,162,79,150,
8,71,129,58,147,
8,89,287,198,311,
118,113,306,193,368,
101,175,112,-63,64,
114,127,222,95,218,
32,123,584,461,571,
116,110,100,-10,97,
104,107,114,7,148,
101,141,123,-18,133,
32,151,271,120,199,
108,79,145,66,179,
97,113,268,155,281,
122,126,156,30,98,
121,68,124,56,193,
32,137,932,795,916,
100,121,443,322,397,
111,75,122,47,155,
103,108,276,168,262,
190,94,-1701093010614,-1701093010708,-1701093010708,

16,327,291,-36,27,
84,63,162,99,179,
104,80,83,3,88,
101,85,89,4,140,
32,136,990,854,929,
113,75,484,409,499,
117,90,207,117,181,
105,64,197,133,248,
99,115,191,76,139,
107,63,163,100,215,
32,115,253,138,235,
98,97,483,386,505,
114,119,222,103,203,
111,100,129,29,134,
119,105,116,11,105,
110,94,131,37,160,
32,123,199,76,195,
102,119,124,5,109,
111,104,206,102,217,
120,115,142,27,132,
188,105,156,51,155,
32,104,129,25,104,
106,79,194,115,171,
117,56,195,139,244,
109,105,189,84,155,
112,71,78,7,115,
115,108,119,11,165,
32,154,282,128,230,
111,102,264,162,245,
98,83,121,38,166,
101,128,77,-51,60,
114,111,148,37,139,
32,102,290,188,283,
8,95,163,68,134,
8,66,149,83,159,
8,76,369,293,404,
8,111,1671,1560,1669,
118,109,342,233,299,
101,66,14,-52,69,
114,121,713,592,751,
32,159,416,257,307,
121,50,3,-47,-12,
116,35,583,548,680,
8,132,265,133,201,
8,68,318,250,348,
116,98,151,53,169,
101,116,41,-75,20,
104,95,239,144,254,
32,110,561,451,526,
8,75,143,68,157,
8,89,339,250,326,
8,76,276,200,301,
104,101,100,-1,91,
101,92,458,366,492,
32,126,253,127,264,
108,137,116,-21,82,
97,103,244,141,242,
122,101,96,-5,70,
121,75,175,100,219,
32,119,203,84,190,
100,106,111,5,86,
111,81,225,144,208,
103,64,295,231,306,
190,75,-1701093027350,-1701093027425,-1701093027425,

16,243,191,-52,7,
84,59,164,105,179,
104,74,95,21,114,
101,93,116,23,157,
32,134,424,290,398,
113,108,373,265,362,
105,97,585,488,609,
8,121,290,169,252,
117,83,248,165,256,
105,91,353,262,358,
99,96,100,4,85,
107,81,259,178,285,
32,107,276,169,250,
98,81,211,130,228,
114,98,176,78,192,
111,114,138,24,152,
119,128,126,-2,77,
110,79,145,66,188,
32,122,962,840,935,
102,95,264,169,278,
111,109,240,131,254,
120,123,226,103,190,
188,87,238,151,266,
32,115,213,98,176,
106,78,166,88,153,
117,65,220,155,279,
109,124,169,45,129,
112,84,85,1,116,
115,115,119,4,125,
32,121,239,118,219,
111,101,284,183,245,
118,62,118,56,211,
101,155,101,-54,71,
114,125,73,-52,29,
32,81,220,139,206,
116,67,162,95,182,
104,87,85,-2,102,
101,104,118,14,138,
32,124,604,480,600,
108,120,111,-9,71,
97,80,217,137,272,
122,135,129,-6,71,
121,77,164,87,186,
32,99,185,86,193,
100,107,120,13,139,
111,126,202,76,140,
103,64,328,264,359,
190,95,-1701093106973,-1701093107068,-1701093107068,

16,659,617,-42,19,
84,61,177,116,186,
104,70,93,23,106,
101,83,77,-6,112,
32,118,459,341,444,
113,103,164,61,127,
117,66,157,91,158,
105,67,135,68,143,
99,75,72,-3,60,
107,63,190,127,232,
32,105,282,177,268,
98,91,212,121,216,
114,95,160,65,152,
111,87,124,37,147,
119,110,135,25,96,
110,71,127,56,189,
32,133,269,136,220,
102,84,88,4,84,
111,80,206,126,217,
120,91,111,20,129,
188,109,193,84,190,
32,106,202,96,168,
106,72,176,104,161,
117,57,186,129,232,
109,103,202,99,120,
112,21,42,21,100,
115,79,174,95,198,
32,103,509,406,487,
111,81,300,219,264,
98,45,406,361,437,
8,76,92,16,116,
118,100,195,95,229,
101,134,74,-60,55,
114,115,108,-7,138,
32,145,792,647,761,
116,114,207,93,181,
104,88,139,51,131,
101,80,68,-12,124,
32,136,222,86,211,
108,125,152,27,103,
97,76,230,154,261,
122,107,105,-2,104,
117,106,489,383,463,
8,80,255,175,246,
121,71,162,91,198,
32,107,209,102,206,
100,104,138,34,123,
111,89,1058,969,1078,
103,109,597,488,560,
190,72,-1701093119274,-1701093119346,-1701093119346,

16,249,217,-32,13,
84,45,152,107,184,
104,77,99,22,117,
101,95,123,28,143,
32,115,554,439,530,
113,91,441,350,457,
117,107,211,104,190,
105,86,190,104,287,
99,183,179,-4,75,
107,79,197,118,224,
32,106,259,153,252,
98,99,314,215,322,
114,107,462,355,472,
111,117,224,107,198,
119,91,123,32,144,
110,112,230,118,205,
32,87,269,182,285,
102,103,224,121,253,
111,132,203,71,211,
120,140,294,154,264,
188,110,250,140,260,
32,120,635,515,637,
106,122,561,439,518,
117,79,237,158,313,
109,155,300,145,256,
112,111,141,30,116,
100,86,145,59,150,
32,91,366,275,325,
8,50,145,95,155,
8,60,88,28,138,
115,110,186,76,194,
32,118,592,474,559,
111,85,358,273,320,
118,47,723,676,847,
101,171,82,-89,41,
114,130,251,121,288,
32,167,677,510,616,
116,106,189,83,189,
104,106,222,116,229,
101,113,153,40,145,
32,105,259,154,275,
108,121,107,-14,67,
97,81,230,149,266,
122,117,166,49,143,
121,94,433,339,465,
32,126,218,92,217,
100,125,117,-8,115,
111,123,289,166,292,
103,126,359,233,351,
190,118,-1701093133185,-1701093133303,-1701093133303,

16,251,182,-69,20,
84,89,222,133,231,
104,98,93,-5,82,
101,87,137,50,144,
32,94,239,145,209,
113,64,266,202,277,
105,75,573,498,613,
8,115,959,844,927,
117,83,408,325,420,
105,95,266,171,269,
99,98,103,5,71,
107,66,181,115,229,
32,114,369,255,365,
98,110,226,116,241,
114,125,211,86,191,
111,105,432,327,418,
119,91,197,106,213,
110,107,245,138,258,
32,120,571,451,554,
102,103,178,75,198,
111,123,642,519,641,
120,122,517,395,502,
188,107,384,277,400,
32,123,944,821,951,
106,130,352,222,322,
117,100,295,195,348,
109,153,258,105,163,
112,58,154,96,192,
115,96,148,52,177,
32,125,414,289,392,
111,103,447,344,483,
99,139,534,395,496,
8,101,129,28,129,
118,101,272,171,313,
101,142,73,-69,67,
114,136,191,55,174,
32,119,4262,4143,4208,
116,65,170,105,181,
104,76,88,12,107,
101,95,108,13,138,
32,125,249,124,253,
108,129,101,-28,91,
97,119,455,336,469,
122,133,184,51,131,
121,80,1356,1276,1373,
32,97,863,766,892,
100,126,263,137,240,
103,103,122,19,138,
111,119,373,254,359,
8,105,162,57,141,
8,84,225,141,254,
111,113,107,-6,90,
103,96,426,330,434,
190,104,-1701093155046,-1701093155150,-1701093155150,

16,186,180,-6,72,
84,78,200,122,226,
104,104,121,17,115,
101,98,85,-13,107,
32,120,1573,1453,1562,
113,109,161,52,134,
117,82,179,97,177,
105,80,151,71,154,
99,83,87,4,75,
107,71,880,809,907,
32,98,433,335,435,
98,100,423,323,417,
114,94,139,45,149,
111,104,149,45,162,
119,117,132,15,126,
110,111,798,687,793,
32,106,362,256,347,
102,91,164,73,173,
111,100,118,18,142,
120,124,549,425,532,
190,107,224,117,213,
32,96,476,380,475,
106,95,191,96,161,
117,65,172,107,219,
109,112,172,60,153,
112,93,60,-33,37,
115,70,145,75,182,
32,107,259,152,271,
111,119,251,132,203,
118,71,104,33,156,
101,123,85,-38,59,
114,97,236,139,238,
32,99,243,144,231,
116,87,197,110,183,
104,73,64,-9,72,
101,81,145,64,182,
32,118,214,96,212,
108,116,110,-6,93,
97,99,233,134,231,
122,97,82,-15,84,
121,99,304,205,321,
32,116,615,499,557,
100,58,474,416,518,
111,102,228,126,237,
103,111,349,238,377,
191,139,611,472,538,
8,66,297,231,314,
190,83,-1701093169766,-1701093169849,-1701093169849,

16,219,184,-35,21,
84,56,151,95,168,
104,73,66,-7,92,
101,99,91,-8,118,
32,126,704,578,704,
113,126,270,144,259,
117,115,199,84,183,
105,99,278,179,324,
99,145,60,-85,17,
107,102,204,102,219,
32,117,479,362,464,
98,102,459,357,456,
114,99,555,456,549,
119,93,425,332,426,
8,94,275,181,281,
111,100,130,30,133,
119,103,94,-9,114,
110,123,273,150,265,
32,115,419,304,411,
102,107,150,43,158,
111,115,198,83,260,
120,177,325,148,272,
188,124,363,239,349,
32,110,576,466,566,
106,100,206,106,185,
117,79,215,136,259,
109,123,182,59,153,
112,94,68,-26,105,
115,131,272,141,232,
32,91,717,626,760,
111,134,211,77,198,
99,121,368,247,346,
8,99,130,31,135,
118,104,176,72,235,
101,163,108,-55,47,
114,102,123,21,149,
32,128,249,121,225,
121,104,231,127,188,
104,61,0,-61,47,
101,108,454,346,429,
8,83,117,34,129,
8,95,385,290,369,
8,79,378,299,358,
116,59,158,99,155,
104,56,4,-52,41,
101,93,159,66,179,
32,113,310,197,316,
108,119,154,35,135,
97,100,242,142,265,
122,123,133,10,116,
121,106,200,94,201,
32,107,253,146,285,
100,139,173,34,145,
111,111,222,111,186,
103,75,345,270,367,
190,97,251,154,218,
222,64,838,774,793,
8,19,-1701093204377,-1701093204396,-1701093204396,

16,622,510,-112,-58,
84,54,188,134,198,
104,64,106,42,159,
101,117,167,50,173,
32,123,647,524,623,
113,99,702,603,691,
105,88,563,475,569,
8,94,406,312,422,
117,110,76,-34,52,
105,86,243,157,258,
99,101,116,15,90,
107,75,224,149,257,
32,108,527,419,513,
98,94,343,249,343,
111,94,454,360,427,
8,67,128,61,177,
114,116,132,16,94,
111,78,549,471,590,
119,119,260,141,245,
110,104,287,183,283,
32,100,321,221,336,
102,115,257,142,256,
111,114,208,94,240,
120,146,173,27,156,
188,129,188,59,194,
32,135,443,308,431,
106,123,261,138,218,
117,80,199,119,251,
109,132,181,49,156,
112,107,106,-1,101,
115,102,171,69,184,
32,115,325,210,345,
111,135,319,184,285,
118,101,267,166,347,
101,181,139,-42,87,
114,129,119,-10,105,
32,115,344,229,290,
121,61,652,591,705,
8,114,448,334,437,
116,103,287,184,293,
104,109,121,12,122,
101,110,125,15,156,
32,141,534,393,513,
108,120,252,132,254,
97,122,338,216,371,
122,155,116,-39,88,
121,127,229,102,240,
32,138,314,176,305,
100,129,127,-2,113,
111,115,201,86,198,
103,112,310,198,312,
188,114,-1701093219422,-1701093219536,-1701093219536,

16,308,276,-32,34,
84,66,156,90,178,
104,88,123,35,146,
101,111,92,-19,124,
32,143,265,122,251,
113,129,252,123,225,
117,102,303,201,289,
105,88,208,120,231,
99,111,115,4,109,
107,105,227,122,218,
32,96,237,141,251,
98,110,216,106,246,
114,140,186,46,142,
111,96,151,55,139,
119,84,266,182,324,
110,142,301,159,267,
32,108,286,178,297,
102,119,115,-4,116,
111,120,340,220,367,
120,147,1387,1240,1367,
190,127,658,531,640,
8,109,539,430,525,
188,95,276,181,331,
32,150,502,352,440,
106,88,163,75,137,
117,62,180,118,226,
109,108,161,53,136,
112,83,27,-56,40,
115,96,155,59,149,
32,90,340,250,360,
111,110,259,149,236,
98,87,204,117,258,
101,141,89,-52,80,
114,132,202,70,129,
8,59,141,82,153,
8,71,146,75,154,
8,79,286,207,350,
118,143,241,98,228,
101,130,72,-58,68,
114,126,155,29,128,
32,99,268,169,199,
116,30,174,144,203,
104,59,296,237,328,
101,91,321,230,367,
32,137,285,148,270,
108,122,121,-1,120,
97,121,251,130,298,
122,168,149,-19,77,
121,96,223,127,274,
32,147,548,401,516,
102,115,390,275,387,
8,112,152,40,140,
100,100,196,96,195,
111,99,693,594,716,
103,122,446,324,451,
190,127,-1701093253357,-1701093253484,-1701093253484,

16,284,289,5,64,
116,59,167,108,182,
104,74,72,-2,125,
101,127,148,21,125,
32,104,453,349,464,
113,115,153,38,154,
117,116,224,108,213,
105,105,220,115,235,
99,120,139,19,102,
107,83,263,180,293,
32,113,295,182,293,
98,111,284,173,298,
114,125,196,71,158,
111,87,193,106,185,
119,79,156,77,184,
110,107,292,185,252,
32,67,435,368,491,
102,123,154,31,164,
111,133,183,50,165,
120,115,305,190,291,
188,101,216,115,203,
32,88,256,168,255,
106,87,222,135,234,
109,99,210,111,209,
111,98,106,8,122,
115,114,482,368,431,
8,63,151,88,147,
8,59,146,87,178,
8,91,584,493,578,
117,85,241,156,259,
109,103,152,49,153,
112,104,36,-68,23,
115,91,184,93,197,
32,104,234,130,258,
111,128,278,150,233,
98,83,140,57,192,
101,135,76,-59,65,
114,124,113,-11,69,
32,80,449,369,467,
8,98,174,76,152,
8,76,144,68,159,
8,91,215,124,220,
8,96,175,79,184,
118,105,211,106,283,
101,177,92,-85,31,
114,116,127,11,117,
32,106,255,149,220,
116,71,209,138,193,
121,55,210,155,258,
101,103,389,286,353,
8,67,132,65,143,
8,78,204,126,234,
104,108,87,-21,74,
101,95,195,100,210,
32,110,585,475,588,
108,113,120,7,76,
97,69,217,148,264,
122,116,86,-30,65,
121,95,220,125,232,
32,107,246,139,268,
100,129,124,-5,110,
111,115,213,98,209,
103,111,389,278,393,
188,115,-1701093267809,-1701093267924,-1701093267924,

16,314,292,-22,28,
84,50,158,108,179,
104,71,102,31,122,
101,91,79,-12,111,
32,123,835,712,769,
113,57,195,138,237,
117,99,163,64,159,
105,95,139,44,146,
99,102,76,-26,44,
107,70,205,135,242,
32,107,301,194,295,
98,101,286,185,328,
114,143,157,14,117,
111,103,219,116,212,
119,96,162,66,177,
110,111,227,116,196,
32,80,191,111,246,
102,135,203,68,171,
111,103,208,105,208,
120,103,203,100,203,
188,103,196,93,204,
32,111,278,167,257,
106,90,272,182,289,
117,107,481,374,489,
109,115,236,121,225,
112,104,136,32,106,
115,74,172,98,219,
32,121,331,210,313,
111,103,277,174,273,
98,99,276,177,311,
101,134,272,138,222,
8,84,150,66,150,
8,84,316,232,356,
118,124,246,122,308,
101,186,80,-106,26,
114,132,93,-39,93,
32,132,368,236,358,
116,122,225,103,218,
104,115,123,8,115,
101,107,145,38,152,
32,114,270,156,275,
108,119,98,-21,74,
97,95,233,138,264,
122,126,112,-14,92,
121,106,178,72,175,
32,103,203,100,229,
100,129,134,5,125,
111,120,229,109,194,
103,85,440,355,446,
188,91,-1701093279462,-1701093279553,-1701093279553,

16,304,288,-16,41,
84,57,149,92,183,
104,91,88,-3,115,
101,118,112,-6,121,
32,127,1087,960,1047,
113,87,146,59,134,
117,75,180,105,175,
105,70,103,33,147,
99,114,88,-26,45,
107,71,205,134,259,
32,125,699,574,668,
98,94,292,198,314,
114,116,152,36,156,
111,120,147,27,127,
119,100,132,32,134,
110,102,165,63,165,
32,102,245,143,270,
102,127,460,333,462,
111,129,188,59,167,
120,108,272,164,270,
188,106,236,130,265,
32,135,302,167,273,
106,106,234,128,258,
109,130,249,119,246,
112,127,384,257,344,
8,87,163,76,166,
8,90,638,548,631,
117,83,231,148,291,
109,143,200,57,142,
112,85,61,-24,73,
115,97,161,64,170,
32,106,234,128,244,
111,116,305,189,264,
98,75,531,456,577,
8,121,140,19,147,
118,128,203,75,211,
101,136,92,-44,81,
114,125,128,3,128,
32,125,273,148,228,
116,80,156,76,167,
104,91,102,11,113,
101,102,106,4,120,
32,116,281,165,300,
108,135,132,-3,108,
97,111,226,115,244,
122,129,155,26,130,
121,104,403,299,434,
32,135,406,271,390,
100,119,163,44,149,
111,105,132,27,136,
103,109,412,303,413,
190,110,-1701093314607,-1701093314717,-1701093314717,

16,241,195,-46,17,
84,63,165,102,185,
104,83,104,21,119,
101,98,111,13,128,
32,115,401,286,377,
113,91,116,25,135,
117,110,243,133,240,
105,107,452,345,456,
118,111,154,43,131,
107,88,460,372,465,
8,93,165,72,137,
8,65,101,36,151,
99,115,87,-28,82,
107,110,285,175,294,
32,119,292,173,280,
98,107,176,69,201,
114,132,424,292,379,
111,87,189,102,194,
119,92,88,-4,107,
110,111,271,160,256,
32,96,748,652,758,
102,106,216,110,219,
111,109,231,122,260,
120,138,291,153,264,
188,111,492,381,509,
32,128,525,397,508,
106,111,279,168,267,
117,99,287,188,308,
109,120,182,62,171,
112,109,75,-34,62,
115,96,206,110,221,
32,111,284,173,280,
111,107,315,208,323,
118,115,326,211,365,
101,154,76,-78,44,
114,122,136,14,128,
32,114,358,244,364,
116,120,168,48,166,
104,118,154,36,129,
101,93,114,21,156,
32,135,347,212,328,
108,116,110,-6,95,
97,101,496,395,517,
122,122,141,19,116,
121,97,283,186,291,
32,105,784,679,841,
100,162,247,85,196,
111,111,547,436,542,
104,106,664,558,680,
8,122,211,89,202,
103,113,253,140,225,
190,85,-1701093329412,-1701093329497,-1701093329497,

16,188,174,-14,41,
84,55,148,93,168,
104,75,99,24,116,
101,92,58,-34,65,
32,99,317,218,330,
113,112,128,16,122,
117,106,234,128,216,
105,88,227,139,243,
99,104,186,82,165,
107,83,225,142,239,
32,97,256,159,270,
98,111,248,137,260,
114,123,397,274,368,
111,94,199,105,193,
119,88,84,-4,110,
110,114,244,130,209,
32,79,1140,1061,1171,
102,110,257,147,277,
111,130,263,133,250,
120,117,243,126,229,
190,103,176,73,184,
32,111,481,370,427,
8,57,145,88,164,
8,76,630,554,631,
188,77,280,203,301,
32,98,1092,994,1078,
106,84,185,101,156,
117,55,159,104,192,
109,88,181,93,192,
112,99,52,-47,52,
115,99,168,69,196,
32,127,284,157,254,
111,97,350,253,360,
118,107,229,122,289,
101,167,92,-75,62,
114,137,104,-33,74,
32,107,349,242,365,
116,123,151,28,117,
104,89,194,105,201,
101,96,114,18,132,
32,114,304,190,327,
108,137,134,-3,80,
97,83,225,142,263,
122,121,118,-3,96,
121,99,159,60,183,
32,123,233,110,248,
100,138,175,37,159,
111,122,224,102,170,
103,68,510,442,550,
190,108,-1701093342743,-1701093342851,-1701093342851,

16,262,201,-61,9,
89,70,195,125,210,
104,85,134,49,163,
101,114,296,182,265,
8,83,158,75,138,
8,63,144,81,152,
8,71,135,64,154,
8,90,123,33,224,
16,191,183,-8,47,
84,55,148,93,162,
104,69,83,14,97,
101,83,80,-3,111,
32,114,1047,933,1018,
113,85,147,62,158,
117,96,194,98,177,
105,79,151,72,163,
99,91,43,-48,6,
107,54,234,180,284,
32,104,1215,1111,1209,
98,98,400,302,421,
114,119,180,61,171,
111,110,139,29,147,
119,118,131,13,127,
110,114,205,91,197,
32,106,225,119,241,
102,122,160,38,159,
111,121,180,59,172,
120,113,278,165,231,
109,66,390,324,412,
8,88,233,145,260,
188,115,143,28,121,
32,93,320,227,342,
106,115,248,133,207,
117,74,201,127,231,
109,104,176,72,161,
112,89,54,-35,55,
115,90,204,114,232,
32,118,253,135,232,
111,97,292,195,314,
118,119,231,112,263,
101,151,108,-43,65,
114,108,115,7,113,
32,106,321,215,321,
116,106,154,48,159,
104,111,142,31,131,
101,100,110,10,120,
32,110,246,136,253,
108,117,110,-7,104,
97,111,229,118,249,
122,131,142,11,109,
121,98,179,81,191,
32,110,286,176,288,
100,112,198,86,185,
111,99,309,210,305,
103,95,684,589,673,
190,84,-1701093356144,-1701093356228,-1701093356228,

16,347,238,-109,-6,
84,103,273,170,272,
104,102,209,107,158,
101,51,85,34,142,
32,108,334,226,331,
113,105,136,31,122,
117,91,221,130,218,
105,88,214,126,241,
99,115,123,8,96,
107,88,231,143,281,
32,138,353,215,349,
102,134,149,15,148,
111,133,235,102,234,
120,132,401,269,356,
190,87,181,94,198,
32,104,238,134,245,
106,111,318,207,278,
8,71,143,72,142,
8,70,127,57,135,
8,78,347,269,385,
188,116,515,399,505,
32,106,300,194,261,
106,67,144,77,137,
117,60,190,130,226,
109,96,223,127,218,
115,91,21,-70,41,
112,111,271,160,244,
32,84,426,342,447,
8,105,165,60,135,
8,75,143,68,123,
8,55,247,192,261,
112,69,99,30,129,
115,99,260,161,269,
32,108,446,338,398,
111,60,312,252,380,
118,128,232,104,260,
101,156,81,-75,43,
114,118,106,-12,85,
32,97,235,138,230,
121,92,709,617,719,
8,102,343,241,364,
116,123,311,188,244,
101,56,349,293,380,
8,87,223,136,220,
104,84,129,45,125,
101,80,126,46,156,
32,110,410,300,413,
108,113,100,-13,74,
97,87,224,137,239,
122,102,107,5,109,
121,104,212,108,208,
32,100,482,382,445,
102,63,529,466,566,
8,100,123,23,136,
100,113,409,296,411,
111,115,380,265,376,
103,111,357,246,370,
190,124,-1701093371347,-1701093371471,-1701093371471,

16,282,273,-9,84,
84,93,205,112,212,
104,100,146,46,139,
101,93,237,144,245,
32,101,439,338,427,
113,89,267,178,290,
117,112,587,475,554,
105,79,194,115,227,
99,112,108,-4,91,
107,95,276,181,309,
32,128,342,214,331,
98,117,245,128,229,
114,101,215,114,198,
111,84,378,294,389,
119,95,182,87,182,
110,95,227,132,236,
32,104,376,272,391,
102,119,219,100,203,
111,103,292,189,280,
120,91,309,218,339,
188,121,215,94,194,
32,100,651,551,636,
106,85,219,134,211,
117,77,230,153,272,
109,119,204,85,188,
112,103,126,23,104,
115,81,203,122,211,
32,89,588,499,605,
111,106,375,269,388,
118,119,303,184,342,
101,158,47,-111,-41,
114,70,403,333,460,
32,127,411,284,391,
116,107,160,53,152,
104,99,106,7,121,
101,114,143,29,155,
32,126,269,143,265,
108,122,133,11,158,
97,147,329,182,314,
122,132,147,15,121,
121,106,391,285,408,
32,123,291,168,259,
100,91,151,60,167,
111,107,286,179,287,
103,108,502,394,502,
190,108,-1701093384224,-1701093384332,-1701093384332,

16,404,412,8,71,
116,63,155,92,169,
104,77,82,5,130,
101,125,149,24,118,
32,94,237,143,238,
113,95,162,67,147,
117,80,233,153,253,
99,100,189,89,161,
105,72,475,403,493,
107,90,840,750,830,
8,80,148,68,139,
8,71,156,85,144,
8,59,668,609,687,
105,78,108,30,123,
99,93,84,-9,78,
107,87,306,219,324,
32,105,573,468,579,
98,111,318,207,306,
114,99,158,59,135,
111,76,108,32,103,
119,71,94,23,110,
110,87,281,194,322,
32,128,471,343,461,
102,118,125,7,109,
111,102,181,79,193,
120,114,219,105,237,
188,132,161,29,140,
32,111,287,176,271,
106,95,176,81,139,
117,58,174,116,220,
109,104,190,86,159,
112,73,35,-38,70,
115,108,270,162,257,
32,95,251,156,243,
111,87,206,119,232,
118,113,218,105,257,
101,152,195,43,136,
32,93,624,531,630,
8,99,129,30,136,
114,106,461,355,469,
32,114,202,88,191,
116,103,108,5,97,
104,92,358,266,362,
114,96,358,262,321,
32,59,238,179,246,
8,67,141,74,160,
8,86,98,12,118,
101,106,113,7,143,
32,136,607,471,581,
108,110,230,120,227,
97,107,502,395,566,
122,171,231,60,150,
121,90,197,107,222,
32,115,239,124,287,
100,163,217,54,165,
111,111,239,128,219,
103,91,293,202,319,
188,117,-1701093400267,-1701093400384,-1701093400384,

16,222,181,-41,11,
89,52,7,-45,-15,
84,30,555,525,611,
8,86,155,69,161,
8,92,193,101,287,
16,186,182,-4,53,
84,57,159,102,184,
104,82,80,-2,68,
101,70,83,13,114,
32,101,195,94,215,
113,121,120,-1,67,
117,68,138,70,149,
105,79,115,36,152,
99,116,73,-43,22,
107,65,162,97,179,
32,82,207,125,224,
98,99,181,82,196,
114,114,1111,997,1094,
111,97,136,39,139,
119,100,108,8,101,
110,93,188,95,182,
32,87,173,86,189,
102,103,96,-7,76,
111,83,154,71,179,
120,108,190,82,181,
188,99,137,38,134,
32,96,191,95,175,
106,80,164,84,127,
117,43,164,121,248,
109,127,204,77,155,
112,78,3,-75,15,
115,90,197,107,211,
32,104,348,244,332,
111,88,249,161,244,
98,83,139,56,250,
101,194,106,-88,31,
114,119,228,109,176,
8,67,148,81,148,
8,67,147,80,159,
8,79,186,107,220,
118,113,240,127,274,
101,147,97,-50,65,
114,115,141,26,112,
32,86,242,156,212,
116,56,683,627,716,
104,89,247,158,231,
101,73,127,54,145,
32,91,231,140,248,
108,108,221,113,186,
97,73,510,437,552,
122,115,161,46,143,
121,97,284,187,282,
32,95,202,107,254,
100,147,564,417,530,
111,113,407,294,410,
103,116,687,571,678,
190,107,-1701093413335,-1701093413442,-1701093413442,

16,329,351,22,80,
116,58,176,118,189,
104,71,94,23,116,
101,93,126,33,106,
32,73,283,210,318,
113,108,200,92,179,
117,87,295,208,255,
105,47,727,680,762,
99,82,250,168,256,
107,88,235,147,254,
32,107,269,162,262,
98,100,262,162,288,
114,126,198,72,173,
111,101,207,106,224,
119,118,160,42,147,
110,105,190,85,176,
32,91,240,149,204,
102,55,321,266,370,
111,104,201,97,224,
120,127,188,61,204,
188,143,150,7,132,
32,125,355,230,360,
106,130,246,116,203,
117,87,203,116,215,
109,99,163,64,170,
112,106,117,11,108,
115,97,149,52,177,
32,125,270,145,262,
111,117,235,118,225,
118,107,276,169,332,
101,163,96,-67,68,
114,135,138,3,84,
32,81,582,501,591,
121,90,653,563,688,
8,125,278,153,263,
116,110,245,135,190,
104,55,1034,979,1059,
101,80,143,63,174,
32,111,365,254,381,
108,127,102,-25,54,
97,79,197,118,216,
122,98,131,33,106,
121,73,221,148,227,
32,79,209,130,211,
100,81,113,32,112,
111,80,131,51,151,
103,100,302,202,275,
190,73,-1701093425946,-1701093426019,-1701093426019,

